2103,2027,2804,1977,1650,1754,7,185
2106,2028,2805,1976,1651,1754,11,187
2101,2029,2806,1977,1651,1753,13,211
2105,2028,2805,1981,1650,1751,15,235
2104,2028,2806,1981,1649,1753,15,252
2099,2034,2803,1986,1648,1761,15,258
2104,2026,2806,1985,1648,1751,15,270
2103,2026,2802,1989,1647,1746,16,313
2105,2029,2806,1990,1646,1752,17,339
2100,2032,2807,1987,1648,1753,18,373
2102,2027,2807,1981,1647,1754,18,387
2098,2034,2805,1982,1646,1752,18,391
2100,2037,2805,1985,1644,1757,19,390
2101,2036,2804,1983,1644,1754,19,388
2094,2046,2806,1982,1645,1756,19,371
2096,2044,2804,1980,1645,1756,19,365
2106,2041,2803,1972,1649,1754,19,366
2100,2045,2800,1972,1647,1748,18,372
2096,2043,2804,1971,1646,1752,18,384
2100,2043,2808,1967,1647,1756,18,392
2094,2045,2803,1966,1646,1751,18,392
2095,2044,2804,1967,1648,1753,18,380
2096,2046,2800,1968,1646,1748,17,353
2092,2049,2804,1967,1645,1752,17,322
2093,2049,2805,1967,1648,1753,17,282
2097,2049,2805,1967,1644,1748,16,260
2094,2049,2802,1967,1647,1747,16,258
2097,2049,2802,1965,1647,1744,16,259
2100,2048,2803,1964,1649,1747,16,262
2091,2045,2801,1963,1646,1736,15,265
2092,2050,2805,1964,1645,1753,15,275
2092,2046,2806,1966,1647,1749,15,301
2093,2050,2804,1968,1646,1746,15,305
2093,2051,2805,1966,1646,1744,15,305
2092,2050,2806,1969,1647,1747,15,305
2092,2051,2803,1967,1648,1747,14,305
2093,2051,2802,1969,1647,1749,14,298
2091,2048,2803,1969,1649,1746,14,272
2108,2049,2805,1968,1651,1745,14,258
2092,2048,2804,1968,1648,1745,14,254
2097,2040,2806,1966,1648,1745,14,258
2096,2053,2803,1964,1648,1748,14,265
2095,2051,2805,1964,1648,1744,14,271
2093,2049,2803,1965,1649,1747,14,286
2094,2049,2804,1963,1648,1748,14,304
2096,2049,2804,1961,1648,1745,14,307
2095,2046,2803,1962,1648,1745,14,302
2096,2047,2805,1966,1649,1748,14,287
2095,2049,2803,1964,1649,1750,14,262
2092,2050,2804,1962,1648,1747,14,253
2092,2048,2807,1964,1647,1747,14,252
2091,2052,2802,1965,1646,1748,14,256
2096,2049,2804,1964,1646,1746,14,263
2093,2048,2803,1965,1649,1747,14,271
2096,2050,2803,1965,1648,1746,14,299
2090,2049,2806,1963,1646,1746,14,309
2097,2045,2802,1965,1645,1738,14,308
2100,2049,2801,1966,1648,1742,14,300
2094,2048,2806,1967,1646,1745,14,282
2093,2052,2801,1967,1646,1738,14,263
2097,2052,2805,1966,1647,1749,14,261
2096,2049,2806,1965,1647,1747,14,261
2093,2052,2802,1969,1646,1748,14,264
2100,2048,2802,1966,1647,1742,14,272
2096,2052,2806,1968,1647,1752,14,290
2090,2053,2803,1970,1646,1749,14,308
2092,2054,2804,1967,1646,1749,14,326
2094,2047,2804,1965,1647,1746,14,330
2097,2049,2804,1962,1647,1740,14,321
2095,2050,2804,1963,1647,1744,14,301
2098,2050,2802,1964,1647,1743,15,274
2090,2052,2804,1965,1647,1743,15,259
2091,2047,2798,1961,1646,1730,15,252
2092,2041,2804,1965,1649,1748,15,254
2091,2038,2803,1964,1646,1744,15,258
2101,2041,2801,1963,1648,1741,15,259
2094,2051,2804,1964,1646,1742,15,265
2092,2050,2804,1963,1647,1743,15,282
2092,2046,2801,1962,1645,1740,15,302
2092,2048,2801,1962,1646,1741,15,307
2096,2049,2805,1961,1648,1740,15,303
2090,2050,2804,1961,1646,1737,15,293
2087,2051,2803,1963,1645,1739,15,260
2091,2048,2805,1962,1646,1740,15,251
2093,2054,2804,1962,1646,1740,16,233
2092,2045,2804,1962,1646,1737,16,233
2099,2051,2800,1960,1646,1734,17,240
2090,2054,2803,1964,1645,1749,17,253
2093,2050,2804,1962,1645,1738,17,259
2089,2053,2802,1962,1646,1737,18,276
2090,2047,2804,1960,1644,1738,18,299
2094,2050,2803,1960,1646,1733,18,307
2090,2050,2805,1958,1646,1735,18,306
2094,2052,2800,1958,1646,1734,18,300
2093,2049,2804,1959,1646,1733,18,293
2094,2052,2802,1960,1648,1732,18,262
2092,2053,2808,1958,1646,1733,18,252
2094,2058,2802,1963,1646,1728,18,241
2091,2052,2803,1963,1646,1731,18,238
2095,2054,2804,1961,1646,1732,19,244
2090,2052,2806,1960,1646,1731,19,253
2100,2047,2801,1957,1647,1734,19,255
2092,2052,2803,1962,1647,1733,19,260
2095,2051,2804,1962,1646,1731,19,284
2094,2052,2803,1962,1646,1731,19,302
2093,2049,2804,1963,1646,1731,20,304
2093,2050,2807,1961,1647,1732,20,298
2089,2052,2805,1962,1646,1737,21,277
2094,2051,2803,1963,1646,1729,22,255
2089,2049,2803,1960,1646,1730,22,250
2090,2049,2803,1961,1646,1728,23,250
2090,2050,2804,1960,1645,1729,24,256
2092,2050,2806,1960,1647,1728,25,260
2093,2051,2805,1960,1646,1731,27,268
2093,2050,2804,1958,1646,1730,27,278
2091,2050,2803,1961,1648,1730,29,276
2088,2054,2802,1961,1646,1730,30,268
2084,2052,2804,1960,1646,1727,32,257
2091,2052,2804,1959,1646,1727,35,253
2089,2048,2801,1961,1645,1727,38,253
2087,2044,2805,1974,1644,1729,43,253
2094,2030,2805,1978,1643,1718,49,242
2102,2023,2804,1981,1645,1716,58,228
2097,2017,2803,1990,1643,1705,70,226
2100,2016,2806,2004,1642,1715,97,233
2102,2012,2805,2010,1641,1712,117,239
2109,1998,2807,2014,1643,1706,163,252
2107,1994,2804,2018,1642,1709,208,258
2103,1994,2807,2024,1643,1709,270,274
2110,1992,2807,2028,1643,1709,325,300
2106,1991,2805,2031,1642,1718,378,322
2108,1986,2805,2027,1644,1707,434,355
2111,1982,2802,2026,1645,1711,508,388
2104,1980,2803,2030,1643,1717,563,410
2111,1975,2804,2024,1644,1715,614,425
2109,1970,2804,2021,1641,1716,645,438
2109,1978,2803,2024,1643,1726,716,461
2110,1969,2802,2027,1644,1716,771,484
2110,1969,2802,2022,1644,1719,825,511
2110,1964,2803,2017,1646,1720,863,530
2108,1964,2801,2012,1646,1720,894,562
2107,1960,2799,2014,1643,1711,933,585
2114,1958,2802,2013,1644,1717,977,603
2111,1959,2803,2002,1647,1714,1028,621
2108,1957,2803,2002,1645,1713,1071,647
2109,1958,2802,2002,1647,1714,1109,672
2106,1959,2806,1998,1649,1709,1179,704
2109,1955,2804,1995,1649,1711,1220,724
2111,1950,2803,1998,1649,1716,1266,757
2109,1944,2798,1997,1648,1705,1294,783
2108,1950,2806,1997,1651,1718,1329,793
2110,1953,2804,2000,1648,1719,1362,810
2111,1949,2804,1999,1648,1713,1387,836
2103,1953,2806,1996,1645,1713,1407,857
2115,1953,2805,1995,1651,1714,1423,881
2107,1953,2803,1995,1648,1718,1449,898
2107,1952,2804,1995,1648,1718,1467,914
2114,1951,2800,1996,1650,1716,1476,929
2108,1954,2804,1992,1648,1717,1495,958
2115,1953,2801,1989,1650,1715,1495,975
2107,1951,2805,1989,1649,1722,1498,998
2114,1952,2804,1991,1648,1720,1532,1015
2106,1953,2802,1990,1647,1721,1578,1018
2107,1954,2800,1991,1647,1716,1616,1018
2109,1954,2804,1989,1649,1717,1621,1018
2106,1954,2803,1991,1648,1717,1620,1018
2113,1948,2799,1986,1649,1716,1629,1004
2112,1960,2801,1985,1651,1720,1649,984
2111,1961,2802,1978,1649,1720,1663,968
2109,1968,2804,1980,1649,1727,1668,948
2112,1965,2803,1980,1652,1735,1683,915
2112,1972,2802,1979,1652,1742,1697,884
2112,1973,2803,1975,1652,1743,1705,837
2114,1967,2804,1968,1650,1744,1714,776
2114,1973,2803,1970,1653,1750,1729,746
2118,1972,2804,1970,1654,1755,1729,708
2114,1972,2808,1966,1652,1753,1723,674
2119,1975,2804,1966,1652,1758,1714,643
2115,1971,2802,1967,1651,1757,1709,635
2113,1975,2803,1971,1650,1760,1703,641
2110,1972,2803,1972,1649,1757,1702,670
2116,1970,2803,1973,1650,1755,1709,681
2116,1974,2804,1969,1653,1750,1739,715
2116,1977,2803,1972,1652,1757,1746,734
2106,1978,2806,1971,1650,1755,1737,747
2113,1975,2803,1970,1651,1760,1735,775
2114,1975,2804,1963,1653,1764,1741,793
2114,1979,2803,1963,1654,1767,1741,799
2114,1978,2804,1962,1654,1764,1743,794
2114,1981,2802,1964,1653,1768,1757,780
2120,1982,2805,1960,1654,1770,1758,760
2119,1988,2804,1955,1657,1774,1737,731
2121,1994,2802,1951,1657,1777,1728,714
2117,1989,2804,1943,1658,1780,1725,692
2115,1986,2806,1937,1657,1786,1725,659
2120,2003,2803,1936,1660,1789,1711,638
2123,2005,2805,1937,1659,1791,1682,625
2125,2008,2805,1933,1662,1792,1650,602
2127,2009,2805,1929,1662,1797,1612,565
2129,2009,2806,1919,1661,1796,1583,544
2123,2008,2804,1920,1661,1798,1538,516
2131,2009,2806,1919,1661,1791,1512,488
2126,2015,2806,1920,1661,1795,1494,463
2128,2013,2804,1923,1664,1798,1493,437
2128,2014,2801,1921,1665,1805,1523,410
2134,2022,2805,1900,1669,1812,1542,409
2137,2030,2803,1888,1668,1824,1542,401
2139,2030,2805,1890,1668,1825,1515,374
2139,2027,2802,1886,1668,1823,1485,358
2139,2032,2806,1892,1671,1825,1476,358
2137,2037,2803,1897,1671,1834,1481,367
2141,2049,2803,1902,1673,1850,1490,379
2141,2040,2803,1891,1672,1832,1490,385
2142,2041,2806,1890,1669,1838,1508,408
2155,2046,2805,1895,1673,1836,1541,423
2142,2046,2805,1890,1671,1843,1578,450
2148,2050,2802,1887,1673,1839,1612,475
2148,2058,2801,1887,1676,1841,1629,502
2147,2056,2803,1881,1673,1845,1648,529
2144,2054,2804,1878,1671,1852,1661,541
2145,2056,2806,1877,1670,1852,1660,564
2147,2060,2803,1873,1669,1851,1659,576
2147,2063,2802,1863,1669,1850,1655,608
2144,2063,2805,1863,1667,1856,1639,644
2144,2061,2806,1868,1668,1855,1625,657
2147,2071,2806,1858,1669,1863,1603,688
2150,2067,2805,1847,1669,1856,1588,713
2149,2073,2805,1841,1673,1866,1585,733
2151,2075,2805,1835,1676,1868,1602,763
2151,2076,2802,1832,1673,1867,1626,774
2148,2077,2806,1832,1673,1882,1655,788
2151,2082,2804,1831,1673,1881,1676,817
2152,2080,2806,1827,1673,1884,1681,847
2155,2084,2804,1821,1677,1890,1693,883
2153,2085,2805,1819,1674,1893,1701,896
2157,2085,2805,1831,1674,1891,1714,925
2155,2087,2805,1828,1675,1891,1736,950
2154,2092,2803,1825,1674,1895,1772,975
2159,2096,2803,1804,1676,1896,1792,1002
2164,2100,2804,1795,1680,1896,1794,1022
2165,2104,2806,1800,1676,1893,1787,1040
2168,2100,2804,1805,1672,1899,1747,1083
2167,2102,2806,1804,1672,1907,1718,1118
2167,2108,2806,1802,1676,1909,1696,1144
2170,2110,2804,1795,1673,1911,1680,1170
2172,2119,2805,1800,1672,1919,1677,1203
2172,2121,2807,1793,1673,1919,1684,1211
2174,2121,2806,1793,1672,1925,1694,1243
2171,2132,2807,1792,1671,1930,1702,1275
2174,2137,2806,1798,1673,1932,1709,1304
2177,2138,2809,1792,1675,1937,1716,1335
2177,2137,2805,1791,1675,1942,1720,1380
2176,2140,2806,1792,1677,1938,1720,1397
2180,2143,2806,1799,1677,1944,1720,1407
2179,2138,2805,1793,1676,1953,1743,1435
2177,2144,2807,1786,1678,1952,1781,1455
2178,2146,2806,1785,1679,1954,1808,1458
2178,2143,2807,1777,1679,1956,1838,1458
2181,2139,2807,1765,1680,1957,1849,1458
2183,2137,2806,1759,1676,1966,1856,1453
2185,2135,2806,1770,1674,1960,1891,1424
2186,2139,2805,1765,1673,1961,1924,1410
2188,2138,2806,1756,1675,1965,1954,1408
2187,2142,2808,1752,1680,1964,1975,1409
2191,2139,2807,1757,1676,1973,1999,1415
2195,2138,2803,1752,1676,1970,2010,1427
2176,2145,2808,1760,1672,1970,2015,1433
2190,2135,2805,1772,1673,1969,2013,1442
2185,2138,2805,1777,1673,1972,2013,1454
2194,2142,2806,1789,1676,1976,2035,1457
2190,2140,2806,1794,1685,1996,2058,1456
2184,2136,2809,1782,1683,2015,2072,1450
2184,2143,2807,1773,1683,2021,2089,1432
2188,2140,2803,1761,1682,2010,2121,1409
2188,2144,2805,1763,1680,2019,2160,1402
2178,2140,2808,1766,1678,2009,2171,1401
2191,2145,2806,1768,1681,2011,2184,1403
2186,2148,2806,1772,1680,2013,2199,1409
2184,2142,2806,1790,1678,2016,2224,1426
2190,2143,2806,1782,1677,2016,2237,1443
2186,2142,2805,1774,1680,2010,2254,1457
2192,2139,2808,1773,1683,2009,2292,1469
2182,2144,2805,1794,1679,2029,2303,1476
2185,2140,2805,1802,1679,2013,2284,1474
2190,2145,2805,1795,1678,2016,2267,1453
2190,2139,2806,1800,1677,2014,2255,1446
2186,2133,2806,1807,1672,2015,2174,1425
2185,2130,2801,1805,1671,2013,2154,1425
2191,2138,2807,1793,1678,2013,2106,1431
2187,2143,2804,1781,1681,2019,2074,1444
2179,2140,2807,1783,1678,2020,2065,1452
2184,2139,2806,1785,1680,2015,2041,1451
2186,2136,2807,1779,1681,2012,1933,1449
2182,2138,2805,1767,1682,2006,1827,1448
2182,2140,2806,1770,1682,2022,1764,1446
2182,2145,2806,1771,1684,2023,1685,1427
2179,2150,2807,1763,1686,2029,1623,1406
2181,2145,2806,1765,1684,2025,1589,1406
2181,2148,2808,1759,1682,2033,1533,1414
2181,2147,2806,1764,1683,2033,1450,1437
2182,2146,2807,1758,1683,2035,1420,1452
2177,2155,2806,1752,1686,2043,1416,1453
2177,2154,2809,1741,1689,2039,1428,1451
2176,2152,2807,1738,1688,2039,1458,1442
2194,2155,2807,1735,1689,2043,1475,1427
2177,2158,2806,1725,1688,2055,1488,1399
2178,2161,2807,1717,1694,2062,1481,1396
2179,2157,2807,1724,1691,2063,1474,1396
2183,2156,2808,1736,1688,2069,1467,1401
2182,2157,2806,1737,1688,2073,1456,1410
2182,2155,2807,1746,1688,2063,1446,1428
2180,2155,2806,1760,1689,2059,1448,1437
2182,2156,2805,1759,1688,2057,1461,1449
2175,2150,2807,1749,1689,2061,1480,1455
2183,2155,2805,1749,1691,2067,1484,1456
2180,2157,2808,1751,1692,2074,1479,1449
2183,2156,2806,1745,1695,2078,1480,1444
2184,2152,2808,1749,1690,2080,1480,1441
2180,2158,2807,1749,1693,2081,1480,1442
2187,2164,2804,1745,1693,2086,1500,1448
2182,2160,2809,1753,1693,2089,1523,1451
2187,2161,2806,1755,1692,2092,1569,1452
2187,2155,2807,1753,1692,2090,1647,1451
2185,2159,2809,1750,1692,2097,1737,1449
2184,2165,2809,1753,1694,2100,1795,1449
2179,2169,2805,1759,1691,2111,1823,1443
2183,2160,2807,1757,1691,2103,1828,1420
2187,2160,2806,1759,1692,2099,1828,1404
2183,2157,2806,1772,1690,2114,1840,1391
2185,2158,2805,1765,1692,2112,1844,1390
2180,2160,2807,1760,1692,2116,1850,1394
2181,2154,2804,1761,1692,2111,1860,1400
2182,2164,2807,1767,1695,2121,1872,1416
2182,2165,2803,1764,1693,2117,1875,1423
2184,2155,2803,1755,1693,2118,1885,1439
2183,2168,2805,1763,1689,2135,1903,1446
2180,2162,2805,1768,1687,2112,1923,1446
2186,2164,2807,1769,1694,2122,1953,1444
2177,2162,2808,1761,1694,2118,1961,1440
2182,2163,2805,1767,1692,2118,1949,1440
2180,2165,2807,1768,1691,2115,1937,1441
2187,2160,2805,1766,1691,2115,1925,1441
2182,2162,2807,1774,1691,2110,1873,1419
2177,2165,2806,1774,1692,2102,1848,1395
2184,2170,2805,1774,1689,2109,1851,1391
2178,2167,2805,1783,1686,2104,1855,1393
2178,2162,2806,1786,1687,2105,1851,1399
2167,2157,2808,1783,1687,2101,1847,1417
2176,2158,2804,1791,1687,2102,1842,1436
2174,2160,2808,1791,1684,2103,1834,1446
2175,2162,2807,1790,1682,2096,1816,1464
2170,2150,2802,1796,1680,2075,1773,1485
2168,2151,2803,1805,1676,2064,1736,1482
2164,2150,2805,1813,1673,2062,1695,1460
2157,2153,2807,1828,1670,2056,1646,1444
2152,2141,2807,1854,1666,2040,1572,1427
2144,2138,2807,1877,1659,2028,1503,1425
2134,2128,2806,1915,1656,2007,1418,1424
2128,2131,2807,1933,1656,1989,1380,1418
2128,2129,2806,1953,1654,1986,1335,1394
2117,2138,2805,1960,1650,1980,1333,1380
2115,2143,2808,1963,1650,1975,1334,1360
2111,2143,2804,1970,1647,1971,1324,1320
2110,2141,2807,1977,1646,1961,1298,1275
2109,2139,2807,1979,1647,1950,1273,1219
2100,2143,2808,1984,1645,1946,1236,1153
2105,2142,2808,1987,1645,1945,1195,1112
2103,2141,2807,1990,1643,1945,1130,1077
2101,2138,2808,1991,1643,1940,1057,1036
2110,2139,2808,1992,1645,1934,988,991
2095,2143,2806,1999,1643,1934,883,956
2097,2137,2806,1999,1644,1933,836,956
2096,2136,2808,2001,1643,1927,819,960
2099,2126,2805,2000,1641,1925,797,984
2094,2116,2799,2006,1641,1921,778,1009
2093,2112,2805,2007,1641,1923,770,1022
2090,2115,2804,2012,1639,1923,759,1038
2095,2112,2805,2012,1639,1913,749,1057
2090,2108,2806,2014,1639,1910,735,1071
2091,2100,2806,2012,1639,1906,710,1076
2091,2095,2804,2013,1638,1898,664,1076
2088,2092,2805,2012,1637,1899,639,1075
2088,2083,2801,2010,1638,1888,612,1069
2090,2078,2805,2003,1640,1880,552,1044
2090,2072,2805,2003,1641,1881,512,1028
2093,2065,2801,2001,1640,1873,475,997
2089,2061,2803,1996,1639,1877,453,961
2089,2054,2804,1995,1639,1869,432,922
2091,2054,2806,1994,1640,1867,397,879
2092,2051,2806,1993,1641,1861,377,845
2096,2044,2804,1992,1642,1861,360,816
2087,2045,2804,1996,1641,1859,346,810
2092,2038,2803,1991,1641,1851,307,809
2091,2035,2808,1989,1641,1851,287,813
2088,2034,2805,1986,1639,1850,274,813
2089,2031,2806,1985,1640,1842,263,810
2092,2035,2807,1987,1640,1850,250,804
2084,2036,2802,1986,1638,1832,235,763
2088,2035,2804,1991,1639,1847,233,727
2089,2034,2805,1986,1640,1841,233,710
2089,2032,2806,1985,1639,1842,229,710
2090,2030,2806,1985,1639,1839,205,715
2090,2040,2805,1985,1638,1839,181,727
2087,2037,2805,1987,1640,1839,160,740
2085,2037,2802,1984,1640,1838,136,755
2089,2033,2805,1983,1639,1834,115,763
2093,2029,2803,1986,1638,1832,93,760
2088,2027,2802,1982,1638,1819,80,746
2088,2035,2805,1983,1640,1831,69,733
2090,2034,2801,1985,1640,1827,61,713
2090,2034,2805,1986,1641,1827,56,699
2089,2036,2805,1992,1641,1827,52,681
2109,2039,2805,1984,1644,1826,44,653
2100,2043,2805,1984,1642,1824,38,649
2095,2040,2807,1990,1640,1825,33,652
2093,2040,2805,1995,1641,1813,28,664
2097,2033,2806,1998,1642,1825,24,678
2095,2041,2808,2000,1642,1826,19,695
2099,2043,2805,2003,1643,1822,16,702
2098,2049,2803,1990,1644,1825,14,708
2097,2050,2804,1980,1643,1821,12,731
2095,2048,2804,1985,1643,1825,11,736
2097,2048,2803,1983,1645,1821,12,734
2095,2043,2805,1983,1644,1824,12,728
2096,2051,2805,1988,1644,1824,11,706
2094,2056,2804,1994,1644,1839,11,690
2097,2055,2802,1985,1645,1823,10,667
2098,2057,2806,1982,1644,1820,10,639
2095,2062,2804,1983,1645,1819,9,607
2096,2057,2803,1985,1643,1820,9,594
2099,2061,2802,1986,1642,1823,9,591
2097,2066,2802,1987,1643,1825,10,589
2100,2064,2803,1983,1643,1821,10,570
2093,2064,2805,1983,1643,1821,9,536
2096,2065,2803,1984,1642,1823,9,520
2098,2066,2804,1984,1642,1822,9,517
2092,2069,2804,1988,1642,1826,8,527
2094,2070,2803,1992,1642,1821,8,541
2098,2067,2804,1994,1643,1819,8,567
2095,2076,2807,1997,1646,1820,8,586
2097,2077,2805,1998,1645,1824,8,610
2095,2084,2808,2000,1645,1826,8,642
2099,2085,2805,2002,1647,1823,9,653
2099,2090,2805,2010,1648,1822,9,654
2101,2088,2805,2014,1648,1825,9,654
2101,2091,2806,2001,1650,1834,9,653
2105,2086,2803,1992,1652,1823,9,652
2102,2086,2804,1983,1652,1822,9,633
2107,2081,2802,1983,1653,1819,9,607
2104,2086,2804,1984,1654,1825,9,581
2102,2087,2805,1983,1653,1829,9,545
2103,2084,2806,1983,1652,1825,10,511
2108,2079,2801,1985,1653,1824,10,480
2104,2083,2804,1985,1653,1828,10,456
2103,2083,2803,1983,1653,1826,10,446
2106,2084,2803,1984,1653,1828,10,446
2103,2086,2807,1984,1651,1832,10,461
2106,2086,2803,1983,1654,1826,11,485
2103,2085,2802,1977,1653,1825,11,499
2103,2087,2802,1979,1652,1832,11,516
2101,2085,2803,1977,1652,1830,11,523
2105,2086,2807,1980,1653,1830,11,523
2107,2083,2804,1978,1654,1828,12,518
2108,2084,2805,1976,1652,1822,12,504
2103,2083,2804,1976,1653,1825,12,493
2103,2085,2806,1976,1654,1826,12,467
2107,2086,2806,1973,1656,1823,12,424
2105,2084,2805,1974,1654,1824,12,403
2108,2084,2803,1972,1653,1826,12,394
2117,2081,2805,1971,1656,1823,12,402
2109,2083,2805,1971,1654,1825,12,424
2103,2090,2801,1973,1654,1826,12,444
2109,2085,2803,1972,1654,1820,11,467
2104,2088,2806,1971,1654,1821,10,498
2102,2084,2804,1972,1652,1822,10,505
2105,2077,2796,1969,1652,1817,10,504
2102,2084,2806,1970,1652,1821,9,500
2107,2085,2805,1971,1653,1823,9,482
2101,2089,2803,1969,1652,1823,10,457
2102,2086,2806,1967,1654,1821,10,406
2104,2086,2804,1968,1654,1820,10,401
2104,2084,2800,1965,1653,1814,10,401
2106,2086,2802,1964,1652,1816,9,406
2108,2086,2804,1961,1655,1815,8,407
2105,2079,2806,1961,1652,1816,7,405
2107,2075,2805,1961,1653,1817,8,399
2106,2075,2804,1962,1653,1814,9,381
2104,2075,2802,1962,1653,1816,9,362
2102,2076,2807,1961,1653,1819,8,342
2105,2073,2804,1960,1653,1818,8,344
2106,2073,2804,1961,1652,1815,8,350
2105,2075,2805,1960,1653,1814,8,365
2107,2074,2805,1961,1655,1815,7,379
2106,2075,2804,1961,1652,1815,7,397
2105,2071,2804,1960,1653,1816,7,402
2108,2070,2805,1960,1653,1815,7,407
2103,2075,2804,1960,1652,1816,7,403
2105,2075,2804,1962,1654,1814,7,394
2099,2077,2805,1961,1653,1815,7,376
2104,2072,2803,1959,1653,1813,7,364
2114,2078,2806,1959,1656,1811,7,358
2107,2075,2801,1960,1651,1812,8,357
2100,2083,2804,1964,1652,1823,8,365
2103,2075,2805,1961,1654,1812,8,375
2104,2073,2803,1961,1652,1812,8,390
2100,2080,2805,1963,1652,1821,8,402
2105,2075,2800,1963,1651,1826,8,406
2104,2076,2803,1959,1652,1809,8,407
2119,2076,2805,1962,1656,1811,8,405
2106,2073,2805,1958,1655,1813,9,407
2107,2069,2803,1956,1652,1810,9,425
2105,2074,2803,1958,1652,1810,9,451
2103,2069,2801,1955,1652,1800,9,460
2107,2079,2803,1961,1653,1825,9,460
2108,2065,2804,1957,1655,1809,9,453
2109,2076,2804,1957,1654,1811,9,423
2103,2086,2805,1958,1654,1813,10,415
2102,2082,2805,1960,1653,1809,10,413
2105,2073,2806,1962,1655,1808,10,405
2106,2069,2803,1967,1655,1810,9,375
2102,2073,2804,1966,1656,1811,9,336
2109,2068,2802,1962,1655,1811,9,309
2103,2070,2805,1960,1654,1813,10,296
2094,2069,2806,1960,1653,1811,10,296
2105,2068,2802,1964,1655,1817,10,306
2105,2072,2801,1962,1654,1813,10,319
2104,2074,2803,1965,1655,1813,10,328
2106,2080,2803,1965,1655,1814,10,346
2105,2084,2804,1966,1655,1815,10,357
2105,2081,2799,1965,1654,1812,10,378
2105,2087,2806,1969,1654,1820,10,395
2107,2084,2806,1970,1655,1819,10,394
2107,2083,2801,1965,1656,1815,10,384
2117,2082,2803,1942,1661,1817,10,360
2109,2081,2807,1932,1656,1814,10,341
2106,2082,2806,1937,1655,1813,10,314
2105,2085,2806,1943,1656,1809,10,293
2108,2079,2804,1945,1653,1806,10,282
2107,2074,2805,1952,1650,1802,9,287
2106,2070,2806,1963,1648,1800,9,311
2103,2070,2802,1975,1647,1795,10,339
2104,2073,2803,1980,1646,1801,10,353
2110,2066,2805,1980,1646,1795,9,373
2105,2063,2805,1990,1641,1796,9,407
2100,2064,2802,1990,1644,1794,9,418
2100,2068,2804,1993,1644,1794,9,443
2103,2063,2804,1993,1642,1794,9,472
2105,2066,2803,1987,1644,1793,9,495
2103,2060,2803,1982,1643,1789,9,536
2099,2058,2803,1981,1644,1792,9,546
2101,2055,2804,1981,1643,1788,9,554
2103,2057,2803,1986,1643,1786,9,574
2100,2056,2804,1991,1643,1789,9,591
2104,2054,2803,1993,1641,1783,9,599
2097,2055,2804,1996,1639,1787,10,596
2103,2052,2801,1995,1643,1787,10,581
2100,2056,2802,1990,1642,1787,10,573
2102,2058,2805,1987,1641,1785,10,573
2104,2053,2805,1989,1642,1788,10,575
2105,2056,2805,1988,1640,1786,10,572
2101,2054,2803,1987,1641,1789,10,557
2102,2060,2806,1985,1642,1789,10,555
2105,2057,2805,1978,1643,1788,10,558
2102,2056,2804,1972,1644,1786,10,562
2101,2062,2806,1970,1643,1794,10,574
2104,2059,2803,1969,1646,1785,10,576
2103,2062,2805,1968,1645,1791,10,575
2103,2064,2806,1968,1644,1789,10,570
2099,2062,2803,1970,1644,1791,10,556
2106,2072,2803,1969,1644,1791,10,547
2102,2070,2803,1972,1646,1791,10,536
2103,2074,2803,1979,1647,1794,10,500
2100,2079,2804,1976,1650,1796,10,487
2105,2080,2803,1964,1655,1788,10,482
2107,2081,2805,1963,1656,1791,10,470
2103,2079,2806,1957,1654,1792,10,418
2107,2075,2806,1953,1657,1790,10,398
2114,2071,2802,1956,1656,1792,10,385
2104,2070,2804,1968,1657,1798,10,376
2105,2074,2804,1993,1656,1803,10,355
2110,2073,2804,2020,1653,1811,10,324
2107,2072,2804,2034,1653,1817,10,304
2109,2066,2799,2039,1653,1813,10,293
2106,2066,2804,2057,1652,1817,10,292
2106,2064,2805,2085,1651,1823,10,301
2105,2053,2804,2134,1647,1831,10,319
2103,2052,2805,2177,1644,1844,10,329
2105,2044,2806,2354,1643,1841,11,351
2105,2041,2806,2525,1639,1841,11,370
2100,2034,2804,2624,1639,1842,11,394
2099,2029,2807,2679,1636,1844,11,413
2102,2031,2805,2718,1633,1851,11,436
2102,2029,2805,2743,1633,1848,11,467
2098,2033,2805,2744,1630,1852,11,488
2099,2036,2804,2723,1630,1852,11,521
2098,2033,2802,2715,1630,1852,11,546
2103,2038,2805,2712,1629,1846,11,560
2098,2035,2806,2708,1629,1847,11,578
2100,2036,2803,2697,1629,1846,11,613
2097,2037,2805,2695,1630,1847,11,640
2098,2036,2806,2696,1630,1844,11,660
2096,2035,2804,2699,1630,1845,11,690
2099,2040,2805,2691,1630,1847,11,714
2099,2042,2806,2677,1630,1844,11,753
2097,2041,2805,2673,1629,1851,11,765
2102,2043,2804,2664,1631,1845,11,781
2096,2040,2806,2658,1628,1845,11,807
2099,2045,2805,2651,1630,1847,11,839
2101,2042,2807,2651,1630,1844,11,868
2095,2044,2803,2656,1630,1845,11,874
2095,2043,2806,2655,1630,1844,11,875
2098,2042,2805,2654,1631,1844,11,874
2094,2042,2805,2652,1631,1841,11,875
2097,2043,2805,2651,1632,1843,11,873
2095,2045,2804,2651,1632,1841,11,868
2093,2043,2805,2648,1630,1841,11,863
2096,2043,2803,2646,1630,1840,11,834
2096,2044,2803,2644,1631,1839,11,816
2098,2044,2804,2641,1631,1838,11,807
2093,2042,2805,2637,1631,1841,11,795
2093,2044,2802,2631,1631,1838,11,787
2094,2047,2801,2621,1632,1847,11,786
2093,2047,2803,2609,1633,1839,11,786
2096,2047,2802,2595,1632,1837,11,786
2091,2050,2803,2574,1632,1837,11,784
2102,2048,2802,2514,1634,1835,11,782
2096,2054,2805,2462,1637,1830,11,785
2090,2064,2804,2445,1636,1838,11,785
2088,2054,2805,2418,1637,1830,11,785
2095,2052,2803,2418,1639,1829,11,785
2096,2053,2807,2419,1637,1826,11,788
2099,2057,2805,2417,1637,1830,11,787
2096,2053,2804,2413,1637,1827,11,780
2089,2056,2805,2386,1636,1824,11,778
2096,2052,2804,2315,1637,1825,11,778
2095,2063,2803,2157,1643,1811,11,779
2097,2066,2807,2086,1645,1803,11,779
2097,2074,2803,2056,1646,1801,11,772
2097,2073,2805,2051,1647,1791,11,754
2100,2074,2804,2046,1646,1792,11,697
2100,2070,2803,2045,1646,1793,11,665
2094,2071,2802,2035,1646,1789,11,620
2100,2071,2804,2026,1646,1787,11,579
2095,2074,2803,2025,1646,1790,11,530
2097,2069,2804,2026,1642,1782,11,514
2097,2069,2805,2024,1645,1785,11,500
2095,2072,2804,2022,1645,1780,11,482
2099,2069,2804,2022,1646,1779,11,472
2100,2069,2800,2021,1645,1779,11,472
2101,2070,2804,2017,1647,1780,11,496
2098,2071,2802,2019,1643,1774,11,506
2096,2069,2805,2017,1644,1773,11,505
2096,2069,2802,2020,1643,1772,11,498
2097,2072,2803,2017,1646,1769,11,484
2103,2073,2805,2015,1643,1767,11,478
2107,2071,2806,2010,1647,1763,11,470
2101,2072,2803,2010,1645,1764,12,471
2101,2065,2805,2014,1645,1763,12,488
2101,2071,2802,2013,1646,1759,12,511
2100,2069,2806,2013,1645,1762,12,511
2102,2067,2805,2014,1645,1760,12,511
2095,2073,2805,2016,1644,1765,12,505
2101,2071,2803,2014,1645,1759,12,478
2098,2071,2802,2013,1644,1757,12,453
2098,2070,2801,2013,1645,1759,12,413
2097,2070,2804,2014,1645,1761,12,394
2098,2070,2804,2012,1646,1756,12,384
2096,2070,2803,2011,1646,1755,12,381
2089,2064,2806,2008,1645,1755,12,384
2096,2067,2804,2009,1646,1755,12,396
2098,2071,2803,2008,1647,1755,12,400
2098,2071,2802,2011,1647,1760,12,399
2097,2065,2799,2007,1646,1745,12,395
2100,2073,2802,2010,1649,1756,12,380
2095,2070,2800,2007,1647,1744,12,358
2097,2070,2804,2008,1646,1751,12,336
2095,2069,2808,2006,1646,1751,12,300
2094,2076,2804,2007,1645,1758,12,278
2097,2066,2803,2004,1646,1750,12,272
2101,2068,2802,2004,1647,1749,12,274
2101,2067,2804,2006,1646,1755,12,302
2098,2071,2804,2003,1644,1751,12,317
2096,2065,2804,2003,1646,1751,12,335
2096,2071,2803,2006,1647,1754,12,357
2095,2066,2807,2006,1647,1751,12,375
2100,2067,2803,2005,1647,1749,12,381
2096,2069,2802,2005,1647,1753,12,378
2091,2065,2805,2003,1647,1750,12,366
2098,2072,2807,2006,1649,1752,12,358
2098,2070,2802,2002,1647,1751,12,322
2093,2074,2804,2003,1647,1756,12,302
2097,2070,2802,2003,1647,1752,12,276
2101,2071,2804,2003,1647,1755,12,274
2097,2071,2804,2003,1646,1752,12,279
2098,2068,2804,1999,1649,1748,12,308
2098,2068,2803,2001,1645,1747,12,329
2091,2068,2805,2000,1645,1751,12,354
2096,2070,2803,2000,1647,1751,12,374
2097,2068,2802,2002,1646,1752,12,381
2100,2069,2802,2002,1647,1748,12,381
2095,2069,2805,2004,1645,1753,12,366
2093,2069,2806,2002,1646,1750,12,351
2099,2068,2804,2001,1649,1750,12,335
2099,2067,2803,1999,1647,1750,12,289
2097,2072,2805,2002,1647,1751,12,279
2096,2069,2804,2001,1647,1752,12,278
2094,2069,2807,1999,1648,1749,12,282
2097,2069,2803,2001,1648,1751,12,294
2099,2070,2804,2002,1647,1749,12,325
2102,2068,2803,2001,1649,1750,12,345
2095,2066,2806,2000,1647,1750,12,353
2097,2070,2805,2001,1647,1748,12,353
2094,2070,2804,2002,1647,1755,12,339
2096,2069,2803,2004,1647,1753,12,310
2101,2067,2805,2003,1646,1749,12,293
2097,2069,2804,2003,1646,1754,12,282
2099,2068,2804,2005,1646,1748,12,284
2097,2071,2804,2003,1645,1752,12,309
2097,2071,2803,2008,1645,1748,12,330
2099,2070,2804,2006,1644,1750,12,353
2099,2065,2803,2008,1646,1749,12,374
2099,2070,2803,2007,1648,1749,12,389
2098,2066,2802,2007,1647,1751,12,392
2098,2072,2805,2008,1646,1749,12,392
2093,2071,2806,2009,1645,1749,12,388
2100,2065,2803,2007,1645,1751,12,380
2097,2066,2806,2005,1647,1746,12,367
2108,2068,2805,2003,1649,1745,12,352
2097,2070,2803,2002,1645,1748,12,337
2096,2073,2805,2000,1646,1747,12,334
2098,2070,2801,2001,1645,1748,12,332
2099,2065,2804,2000,1646,1750,12,331
2098,2066,2804,2002,1646,1746,12,334
2097,2075,2805,2005,1646,1755,12,339
2098,2069,2803,2003,1647,1748,12,347
2095,2068,2801,2003,1645,1749,12,360
2096,2068,2803,2003,1646,1749,12,364
2095,2078,2804,2007,1645,1759,12,365
2093,2072,2800,2004,1645,1751,12,365
2099,2068,2803,2002,1646,1749,12,361
2096,2068,2804,2002,1647,1750,12,357
2101,2069,2805,2000,1649,1744,12,356
2097,2069,2803,2002,1645,1747,12,350
2099,2070,2804,2001,1646,1746,12,335
2096,2059,2799,1998,1645,1741,12,302
2099,2064,2805,2000,1646,1746,12,278
2096,2076,2803,2004,1644,1761,12,263
2100,2070,2805,1999,1648,1746,12,261
2095,2071,2802,2001,1646,1746,12,274
2097,2067,2804,2000,1646,1745,12,305
2100,2069,2804,2001,1647,1748,12,319
2096,2067,2805,2000,1644,1744,12,331
2100,2069,2804,2001,1647,1747,12,351
2098,2070,2806,2000,1647,1748,12,356
2101,2067,2805,1997,1646,1745,12,357
2098,2069,2804,1998,1648,1745,12,357
2100,2068,2805,1999,1647,1743,12,352
2098,2067,2804,1999,1646,1745,12,330
2099,2067,2804,2002,1646,1746,12,305
2096,2069,2805,1999,1646,1745,12,287
2101,2071,2804,2001,1647,1748,12,287
2097,2078,2803,2005,1645,1762,12,292
2094,2071,2801,1999,1645,1743,12,323
2098,2070,2804,1999,1648,1745,12,341
2100,2072,2804,1998,1647,1747,13,364
2101,2066,2802,1998,1647,1739,13,384
2096,2064,2801,1998,1646,1741,13,394
2099,2060,2803,1998,1647,1745,14,423
2099,2059,2803,1998,1646,1743,15,438
2097,2057,2802,1996,1647,1745,15,446
2096,2058,2803,1993,1645,1744,16,439
2105,2055,2802,1992,1649,1740,16,422
2099,2056,2803,1988,1647,1743,16,394
2094,2055,2803,1989,1646,1745,17,373
2097,2052,2806,1991,1648,1743,18,342
2098,2059,2804,1992,1647,1744,18,306
2095,2075,2810,1995,1646,1752,19,270
2099,2068,2805,1990,1645,1743,20,245
2094,2059,2807,1991,1646,1742,21,237
2099,2067,2804,1992,1646,1741,22,245
2102,2067,2803,1992,1647,1738,24,274
2099,2068,2804,1992,1647,1735,25,298
2084,2067,2807,1993,1643,1732,25,328
2101,2069,2804,1996,1646,1736,26,352
2099,2067,2803,1997,1646,1736,27,364
2113,2067,2806,1997,1647,1734,29,362
2091,2055,2804,1997,1645,1735,31,348
2096,2048,2798,1992,1643,1725,33,327
2099,2054,2804,1997,1645,1734,35,305
2092,2063,2804,2000,1645,1745,38,289
2094,2066,2806,1999,1644,1739,43,288
2097,2068,2806,1998,1645,1738,45,290
2098,2069,2802,1996,1644,1736,49,303
2097,2060,2805,1994,1646,1732,54,326
2099,2055,2803,1994,1647,1733,59,345
2098,2057,2803,2001,1644,1730,64,372
2103,2052,2801,1998,1646,1726,67,376
2107,2041,2804,2002,1647,1731,72,370
2102,2034,2807,2009,1644,1727,76,361
2103,2032,2803,2036,1641,1741,84,332
2097,2025,2804,2052,1641,1727,90,305
2104,2019,2806,2054,1639,1721,95,292
2106,2016,2807,2063,1639,1716,108,289
2110,2005,2802,2066,1636,1708,125,294
2116,2010,2805,2054,1641,1704,146,325
2113,2014,2805,2053,1643,1714,157,346
2120,2006,2806,2052,1643,1710,165,361
2116,1997,2804,2049,1645,1710,185,383
2109,1991,2806,2036,1647,1706,209,396
2121,1995,2805,2040,1652,1707,224,413
2121,1994,2803,2037,1650,1706,240,431
2124,1991,2803,2044,1649,1712,258,450
2125,1996,2804,2034,1652,1712,287,478
2126,1994,2800,2023,1654,1708,308,493
2119,1999,2804,2028,1653,1717,330,516
2118,1997,2802,2030,1650,1717,344,547
2119,1996,2804,2033,1654,1715,355,560
2120,1994,2804,2031,1653,1714,373,574
2119,1996,2803,2036,1655,1719,385,575
2125,1992,2807,2029,1656,1712,403,566
2126,1988,2803,2024,1655,1710,415,557
2125,1991,2806,2031,1655,1711,426,549
2120,1995,2801,2033,1653,1717,448,523
2117,1992,2804,2026,1654,1718,466,506
2123,1991,2802,2028,1655,1719,483,504
2122,1992,2806,2037,1654,1724,494,503
2125,1994,2804,2035,1654,1723,512,501
2127,1993,2804,2025,1654,1726,555,501
2129,1994,2804,2033,1652,1728,580,503
2129,1994,2802,2042,1654,1727,616,512
2127,1989,2805,2033,1657,1727,653,535
2130,1992,2800,2027,1657,1734,724,550
2128,1990,2804,2021,1657,1734,779,557
2132,1977,2802,2023,1658,1733,831,568
2133,1978,2801,2021,1657,1738,873,578
2133,1972,2804,2019,1664,1732,905,600
2135,1967,2800,2019,1663,1738,938,637
2136,1965,2804,2013,1661,1737,942,649
2132,1966,2804,2013,1660,1743,941,672
2134,1975,2804,2016,1662,1748,934,690
2133,1974,2798,2016,1659,1737,918,719
2131,1966,2802,2017,1660,1749,918,748
2133,1964,2801,2016,1660,1754,934,763
2137,1962,2803,2013,1662,1749,950,765
2131,1963,2805,2006,1662,1750,951,765
2134,1967,2802,2013,1658,1759,930,773
2129,1977,2806,2012,1655,1758,933,795
2135,1964,2803,2013,1659,1758,950,814
2130,1966,2805,2011,1660,1761,966,839
2134,1965,2803,2004,1661,1761,981,863
2136,1964,2803,2002,1661,1761,992,876
2134,1964,2803,2003,1660,1768,1007,900
2132,1961,2800,1995,1658,1760,1016,920
2136,1957,2805,1988,1660,1764,1024,942
2133,1963,2803,1996,1661,1765,1027,969
2131,1968,2805,2000,1660,1773,1021,995
2133,1959,2803,2003,1659,1773,1018,1013
2135,1954,2803,2005,1660,1767,1021,1027
2136,1959,2804,2008,1660,1765,1024,1033
2133,1969,2804,2022,1658,1773,1031,1032
2134,1960,2802,2036,1657,1757,1039,1031
2135,1961,2802,2040,1663,1749,1048,1037
2136,1953,2800,2040,1662,1747,1058,1038
2136,1958,2803,2037,1663,1751,1085,1038
2135,1956,2800,2040,1665,1751,1100,1038
2139,1959,2803,2030,1666,1764,1108,1049
2138,1957,2799,2027,1664,1766,1118,1067
2140,1962,2803,2026,1670,1770,1135,1071
2135,1972,2803,2015,1671,1779,1161,1060
2144,1960,2803,2002,1669,1788,1172,1046
2144,1962,2801,2004,1665,1806,1178,1044
2144,1958,2803,2022,1662,1833,1199,1024
2144,1956,2805,2025,1662,1846,1219,1002
2142,1958,2804,2021,1663,1847,1248,990
2143,1949,2802,2016,1662,1842,1261,991
2140,1955,2805,2017,1661,1847,1277,999
2146,1953,2801,2020,1663,1838,1293,1017
2139,1953,2804,2023,1662,1843,1306,1028
2140,1956,2803,2020,1663,1834,1322,1052
2139,1953,2803,2015,1664,1834,1340,1077
2140,1957,2803,2010,1664,1841,1347,1103
2141,1952,2800,2003,1665,1840,1352,1128
2140,1962,2802,2011,1663,1841,1371,1168
2144,1963,2802,2020,1663,1840,1387,1181
2144,1960,2803,2009,1663,1833,1398,1195
2140,1953,2801,2003,1663,1835,1389,1242
2144,1952,2802,2003,1664,1835,1370,1272
2137,1956,2799,2005,1661,1832,1366,1304
2138,1952,2804,2009,1660,1834,1367,1337
2142,1949,2803,2009,1664,1833,1368,1370
2140,1951,2802,2008,1665,1831,1362,1385
2144,1946,2803,2002,1667,1827,1347,1399
2143,1943,2801,1999,1667,1829,1337,1416
2143,1938,2798,2002,1665,1829,1322,1429
2141,1946,2802,2002,1664,1840,1309,1452
2141,1947,2804,2002,1665,1835,1307,1472
2142,1947,2801,2006,1664,1834,1310,1510
2143,1948,2806,2017,1660,1846,1310,1539
2148,1947,2802,2014,1663,1840,1309,1565
2146,1951,2803,2018,1665,1853,1320,1602
2151,1945,2801,2029,1665,1842,1345,1635
2146,1948,2802,2018,1664,1845,1353,1649
2146,1951,2802,2014,1664,1850,1361,1660
2153,1952,2801,2040,1667,1853,1373,1691
2144,1953,2804,2047,1666,1853,1374,1706
2147,1953,2807,2031,1666,1855,1369,1725
2145,1954,2804,2020,1668,1848,1367,1735
2150,1954,2803,2028,1667,1854,1374,1740
2150,1956,2802,2032,1666,1852,1395,1740
2152,1951,2802,2012,1666,1843,1429,1732
2151,1957,2800,2012,1666,1837,1461,1727
2154,1965,2803,2012,1669,1845,1493,1704
2157,1965,2805,2008,1666,1843,1508,1680
2158,1954,2802,2017,1664,1846,1515,1663
2151,1952,2805,2002,1662,1846,1531,1633
2151,1954,2804,2006,1666,1846,1544,1619
2155,1953,2805,2003,1666,1840,1572,1605
2151,1952,2804,2006,1668,1838,1611,1591
2162,1957,2803,2007,1666,1841,1635,1590
2162,1956,2807,2009,1663,1840,1660,1599
2154,1948,2799,1994,1661,1832,1677,1610
2150,1948,2797,1994,1661,1833,1680,1625
2156,1952,2804,1999,1662,1845,1673,1639
2155,1952,2802,1997,1664,1847,1673,1657
2151,1951,2804,1995,1664,1845,1690,1664
2157,1949,2804,1994,1663,1844,1694,1676
2157,1954,2802,1996,1668,1845,1693,1711
2155,1951,2802,1996,1667,1840,1703,1732
2155,1957,2802,1996,1664,1843,1715,1763
2152,1964,2803,1998,1667,1849,1721,1785
2151,1968,2804,2004,1666,1852,1728,1791
2146,1966,2803,2005,1665,1851,1732,1791
2154,1969,2803,2016,1667,1860,1754,1776
2159,1964,2802,2011,1665,1856,1774,1751
2151,1965,2804,2006,1665,1858,1779,1721
2154,1963,2803,2003,1665,1855,1779,1700
2155,1970,2803,1990,1668,1850,1791,1670
2158,1967,2804,1990,1666,1847,1808,1637
2155,1968,2802,1994,1666,1849,1810,1618
2157,1968,2803,1997,1669,1852,1834,1582
2165,1972,2805,1996,1672,1854,1865,1529
2160,1967,2803,2006,1667,1853,1875,1480
2154,1966,2804,2019,1665,1855,1872,1434
2159,1966,2802,2029,1666,1850,1864,1386
2159,1966,2803,2027,1661,1849,1860,1366
2158,1966,2805,2025,1658,1851,1861,1366
2156,1967,2803,2022,1662,1846,1889,1380
2158,1972,2804,2012,1665,1845,1908,1389
2159,1977,2804,2018,1666,1838,1921,1409
2160,1971,2804,2035,1664,1837,1924,1421
2160,1974,2803,2028,1667,1838,1933,1445
2162,1977,2803,2025,1670,1846,1936,1458
2162,1979,2802,2018,1667,1846,1926,1464
2155,1981,2803,2006,1668,1850,1913,1467
2157,1983,2804,2011,1670,1852,1905,1466
2160,1986,2803,2018,1671,1851,1905,1455
2159,1973,2804,2016,1667,1854,1907,1425
2152,1978,2802,2014,1668,1859,1908,1393
2156,1982,2804,2019,1666,1854,1900,1361
2154,1989,2803,2029,1667,1853,1891,1356
2152,1991,2803,2026,1665,1861,1881,1352
2149,1987,2802,2016,1667,1855,1868,1335
2148,1987,2803,2034,1667,1854,1858,1290
2155,1987,2803,2030,1667,1837,1862,1220
2155,1994,2806,2040,1666,1854,1872,1168
2147,1995,2798,2019,1665,1844,1867,1123
2150,1999,2803,2004,1670,1863,1861,1100
2150,1993,2806,2010,1672,1852,1865,1073
2154,1990,2807,2025,1670,1849,1869,1055
2152,1988,2804,2017,1674,1848,1861,1048
2149,1994,2803,2006,1674,1844,1867,1021
2154,1997,2806,2015,1671,1852,1892,987
2153,1994,2807,2034,1668,1850,1908,955
2150,1992,2805,2022,1671,1857,1912,919
2145,1998,2804,2022,1672,1854,1926,900
2158,2003,2803,2027,1673,1859,1944,884
2149,2005,2805,2025,1669,1872,1955,882
2152,1996,2803,2016,1676,1870,1957,897
2151,2001,2802,2019,1674,1860,1958,902
2153,2002,2804,2030,1670,1869,1964,902
2150,2012,2803,2032,1669,1873,1976,896
2146,2009,2803,2019,1673,1872,1989,880
2152,2008,2804,2016,1673,1872,1986,877
2153,2013,2804,2020,1670,1879,1974,877
2145,2010,2805,2008,1670,1878,1967,867
2143,2013,2806,2010,1673,1872,1980,828
2146,2007,2801,2018,1669,1859,2004,801
2146,2004,2807,2014,1672,1870,2009,780
2138,2008,2807,1990,1671,1874,2024,748
2146,2007,2805,2003,1668,1879,2031,713
2144,2011,2804,2014,1664,1875,2022,688
2141,2010,2805,2000,1670,1863,2020,661
2144,2008,2804,1997,1669,1874,2027,634
2145,2011,2807,2018,1662,1872,2021,611
2146,2014,2807,2028,1664,1871,2019,608
2143,2018,2805,2001,1667,1872,2035,617
2143,2020,2801,2009,1667,1865,2032,633
2151,2026,2805,2008,1670,1858,2031,645
2137,2027,2806,1989,1672,1858,2035,669
2144,2035,2805,1989,1672,1866,2053,687
2146,2037,2805,2011,1667,1871,2074,696
2143,2038,2806,2004,1668,1872,2056,703
2141,2043,2801,1982,1673,1879,2032,704
2148,2040,2804,1980,1674,1871,2030,700
2149,2047,2803,2018,1664,1890,2028,696
2144,2043,2806,2018,1668,1876,1984,690
2141,2055,2803,1992,1673,1877,1958,679
2141,2072,2804,1996,1667,1893,1942,675
2149,2060,2804,2013,1666,1882,1939,678
2143,2066,2804,2011,1664,1879,1936,685
2141,2059,2802,1994,1670,1882,1922,694
2145,2053,2806,1991,1664,1876,1921,701
2138,2056,2806,1989,1663,1872,1931,704
2145,2060,2804,1981,1667,1874,1959,706
2151,2052,2803,1963,1665,1869,1985,702
2153,2055,2804,1968,1668,1880,1991,700
2147,2059,2805,1947,1669,1884,2004,701
2146,2069,2805,1928,1672,1885,2011,701
2152,2073,2806,1947,1668,1887,2006,702
2149,2071,2803,1971,1668,1889,2004,704
2149,2070,2804,1959,1668,1890,2012,703
2154,2074,2805,1956,1668,1890,2017,700
2155,2073,2804,1967,1665,1892,2005,701
2153,2065,2799,1963,1662,1886,1993,707
2149,2073,2804,1964,1660,1889,1991,723
2150,2070,2802,1955,1658,1892,1986,748
2141,2072,2805,1951,1660,1888,1976,786
2145,2067,2802,1954,1660,1889,1974,819
2146,2063,2804,1953,1658,1880,1955,844
2143,2067,2803,1958,1654,1894,1928,864
2143,2059,2802,1955,1653,1875,1908,874
2138,2055,2806,1968,1648,1874,1833,877
2132,2055,2801,1978,1646,1872,1791,878
2128,2050,2802,1988,1643,1871,1713,887
2116,2056,2806,1993,1642,1863,1633,894
2128,2048,2804,2007,1641,1861,1567,907
2118,2044,2805,2018,1639,1859,1492,930
2112,2042,2804,2024,1636,1857,1400,958
2106,2045,2808,2026,1635,1855,1331,972
2105,2044,2804,2028,1635,1848,1269,1004
2101,2047,2803,2033,1634,1852,1194,1037
2094,2045,2805,2034,1634,1846,1062,1067
2096,2039,2804,2035,1634,1841,997,1070
2090,2038,2802,2036,1633,1842,964,1064
2092,2040,2807,2038,1634,1841,900,1036
2087,2040,2804,2042,1633,1853,833,998
2091,2027,2802,2034,1633,1829,812,968
2088,2031,2805,2035,1634,1833,808,939
2089,2029,2805,2035,1632,1830,793,911
2088,2026,2806,2032,1633,1826,763,866
2089,2022,2804,2033,1635,1828,730,816
2089,2027,2805,2033,1633,1826,703,768
2090,2029,2807,2033,1633,1826,667,727
2095,2025,2805,2030,1632,1822,641,709
2085,2024,2804,2028,1632,1824,594,687
2091,2023,2806,2023,1632,1821,567,686
2090,2027,2803,2026,1634,1820,531,693
2089,2029,2803,2025,1632,1824,494,704
2090,2023,2803,2025,1632,1820,463,705
2089,2021,2808,2023,1633,1818,437,705
2083,2021,2806,2025,1629,1818,387,705
2089,2023,2805,2028,1631,1818,352,704
2091,2022,2805,2029,1633,1815,343,703
2090,2024,2807,2027,1630,1815,324,707
2101,2020,2804,2023,1634,1813,297,710
2091,2023,2806,2025,1633,1813,249,710
2085,2021,2806,2025,1632,1813,235,707
2086,2023,2806,2022,1632,1810,222,704
2090,2020,2803,2018,1634,1808,201,706
2089,2021,2805,2017,1631,1810,183,709
2091,2021,2804,2016,1633,1809,170,705
2092,2024,2805,2016,1633,1807,168,689
2090,2021,2805,2018,1633,1808,167,667
2091,2023,2806,2016,1634,1809,155,656
2089,2030,2806,2018,1633,1821,140,656
2092,2023,2805,2013,1633,1801,135,659
2092,2021,2805,2014,1635,1806,131,667
2091,2022,2805,2012,1634,1809,127,679
2092,2018,2804,2010,1635,1806,114,689
2093,2022,2805,2012,1635,1813,108,686
2094,2020,2803,2008,1634,1806,103,679
2096,2020,2806,2007,1634,1806,98,674
2103,2014,2805,2007,1637,1807,90,677
2094,2020,2808,2009,1636,1807,86,688
2097,2020,2803,2009,1636,1805,85,698
2102,2016,2801,2007,1637,1801,84,706
2096,2020,2805,2009,1637,1803,80,719
2096,2019,2804,2006,1636,1802,77,736
2099,2021,2803,2008,1637,1803,75,756
2098,2021,2806,2007,1637,1801,75,765
2100,2025,2807,2003,1638,1799,75,767
2099,2023,2805,2006,1637,1801,74,750
2098,2027,2803,2006,1637,1802,72,727
2102,2026,2805,2009,1636,1803,71,710
2093,2022,2805,2007,1635,1803,71,689
2097,2025,2805,2007,1635,1799,69,666
2098,2024,2805,2007,1636,1800,68,662
2098,2025,2804,2004,1637,1797,63,662
2096,2025,2802,2006,1636,1800,61,665
2099,2025,2804,2005,1636,1798,61,671
2101,2025,2805,2003,1636,1797,61,687
2103,2023,2804,2003,1638,1796,61,687
2096,2023,2805,2004,1635,1797,60,684
2097,2028,2804,2005,1637,1798,60,674
2099,2024,2805,2005,1637,1795,59,662
2100,2027,2805,2005,1637,1799,58,661
2099,2024,2804,2005,1638,1798,57,664
2100,2022,2804,2004,1636,1798,57,675
2098,2026,2804,2003,1636,1797,57,689
2097,2020,2800,2001,1635,1788,56,701
2098,2025,2807,2003,1637,1799,53,703
2098,2022,2806,2001,1635,1794,52,692
2097,2025,2811,2000,1637,1794,50,672
2100,2024,2803,2002,1637,1797,50,659
2103,2028,2804,2003,1637,1798,51,658
2097,2029,2803,2001,1637,1801,51,662
2095,2031,2805,2000,1638,1797,51,666
2100,2027,2805,2000,1637,1797,51,675
2097,2027,2806,1998,1636,1799,51,699
2097,2029,2804,2000,1639,1800,51,704
2098,2035,2806,2004,1638,1803,51,703
2101,2031,2806,2000,1637,1798,50,692
2102,2032,2805,2000,1638,1797,50,675
2097,2034,2804,1999,1637,1796,50,661
2096,2036,2805,2002,1634,1797,50,662
2099,2033,2805,1996,1637,1796,51,666
2097,2034,2804,1999,1638,1794,51,666
2095,2036,2804,2000,1638,1795,52,662
2101,2034,2806,2001,1637,1798,52,657
2097,2034,2805,2002,1638,1796,52,647
2095,2034,2807,2003,1636,1796,52,616
2097,2036,2805,2003,1638,1797,51,589
2100,2033,2806,2002,1639,1801,51,566
2097,2040,2804,2002,1635,1801,50,567
2100,2036,2805,1997,1638,1799,50,586
2099,2038,2806,2000,1637,1796,51,601
2095,2038,2808,1998,1638,1798,51,623
2101,2038,2804,2000,1637,1795,51,643
2097,2035,2805,2000,1638,1795,49,680
2097,2039,2802,2000,1636,1799,49,695
2100,2040,2807,1999,1637,1796,49,696
2104,2036,2805,1998,1639,1792,48,692