0.2667,1.0,0.5833,0.8497,0.2778,0.3094,310,7,185
0.3067,1.0,0.6667,0.8446,0.3056,0.3094,310,11,187
0.24,1.0,0.75,0.8497,0.3056,0.3049,299,13,211
0.2933,1.0,0.6667,0.8705,0.2778,0.296,317,15,235
0.28,1.0,0.75,0.8705,0.25,0.3049,330,15,252
0.2133,1.0,0.5,0.8964,0.2222,0.3408,335,15,258
0.28,1.0,0.75,0.8912,0.2222,0.296,340,15,270
0.2667,1.0,0.4167,0.9119,0.1944,0.2735,332,16,313
0.2933,1.0,0.75,0.9171,0.1667,0.3004,398,17,339
0.2267,1.0,0.8333,0.9016,0.2222,0.3049,334,18,373
0.2533,1.0,0.8333,0.8705,0.1944,0.3094,353,18,387
0.2,1.0,0.6667,0.8756,0.1667,0.3004,336,18,391
0.2267,1.0,0.6667,0.8912,0.1111,0.3229,410,19,390
0.24,1.0,0.5833,0.8808,0.1111,0.3094,395,19,388
0.1467,1.0,0.75,0.8756,0.1389,0.3184,344,19,371
0.1733,1.0,0.5833,0.8653,0.1389,0.3184,343,19,365
0.3067,1.0,0.5,0.8238,0.25,0.3094,324,19,366
0.2267,1.0,0.25,0.8238,0.1944,0.2825,311,18,372
0.1733,1.0,0.5833,0.8187,0.1667,0.3004,318,18,384
0.2267,1.0,0.9167,0.7979,0.1944,0.3184,333,18,392
0.1467,1.0,0.5,0.7927,0.1667,0.296,302,18,392
0.16,1.0,0.5833,0.7979,0.2222,0.3049,293,18,380
0.1733,1.0,0.25,0.8031,0.1667,0.2825,306,17,353
0.12,1.0,0.5833,0.7979,0.1389,0.3004,310,17,322
0.1333,1.0,0.6667,0.7979,0.2222,0.3049,292,17,282
0.1867,1.0,0.6667,0.7979,0.1111,0.2825,331,16,260
0.1467,1.0,0.4167,0.7979,0.1944,0.278,284,16,258
0.1867,1.0,0.4167,0.7876,0.1944,0.2646,286,16,259
0.2267,1.0,0.5,0.7824,0.25,0.278,284,16,262
0.1067,1.0,0.3333,0.7772,0.1667,0.2287,266,15,265
0.12,1.0,0.6667,0.7824,0.1389,0.3049,311,15,275
0.12,1.0,0.75,0.7927,0.1944,0.287,294,15,301
0.1333,1.0,0.5833,0.8031,0.1667,0.2735,293,15,305
0.1333,1.0,0.6667,0.7927,0.1667,0.2646,291,15,305
0.12,1.0,0.75,0.8083,0.1944,0.278,294,15,305
0.12,1.0,0.5,0.7979,0.2222,0.278,274,14,305
0.1333,1.0,0.4167,0.8083,0.1944,0.287,286,14,298
0.1067,1.0,0.5,0.8083,0.25,0.2735,267,14,272
0.3333,1.0,0.6667,0.8031,0.3056,0.2691,296,14,258
0.12,1.0,0.5833,0.8031,0.2222,0.2691,277,14,254
0.1867,1.0,0.75,0.7927,0.2222,0.2691,292,14,258
0.1733,1.0,0.5,0.7824,0.2222,0.2825,282,14,265
0.16,1.0,0.6667,0.7824,0.2222,0.2646,282,14,271
0.1333,1.0,0.5,0.7876,0.25,0.278,269,14,286
0.1467,1.0,0.5833,0.7772,0.2222,0.2825,280,14,304
0.1733,1.0,0.5833,0.7668,0.2222,0.2691,278,14,307
0.16,1.0,0.5,0.772,0.2222,0.2691,273,14,302
0.1733,1.0,0.6667,0.7927,0.25,0.2825,284,14,287
0.16,1.0,0.5,0.7824,0.25,0.2915,275,14,262
0.12,1.0,0.5833,0.772,0.2222,0.278,274,14,253
0.12,1.0,0.8333,0.7824,0.1944,0.278,293,14,252
0.1067,1.0,0.4167,0.7876,0.1667,0.2825,283,14,256
0.1733,1.0,0.5833,0.7824,0.1667,0.2735,300,14,263
0.1333,1.0,0.5,0.7876,0.25,0.278,269,14,271
0.1733,1.0,0.5,0.7876,0.2222,0.2735,280,14,299
0.0933,1.0,0.75,0.7772,0.1667,0.2735,289,14,309
0.1867,1.0,0.4167,0.7876,0.1389,0.2377,298,14,308
0.2267,1.0,0.3333,0.7927,0.2222,0.2556,283,14,300
0.1467,1.0,0.75,0.7979,0.1667,0.2691,299,14,282
0.1333,1.0,0.3333,0.7979,0.1667,0.2377,278,14,263
0.1867,1.0,0.6667,0.7927,0.1944,0.287,303,14,261
0.1733,1.0,0.75,0.7876,0.1944,0.278,298,14,261
0.1333,1.0,0.4167,0.8083,0.1667,0.2825,294,14,264
0.2267,1.0,0.4167,0.7927,0.1944,0.2556,294,14,272
0.1733,1.0,0.75,0.8031,0.1944,0.3004,309,14,290
0.0933,1.0,0.5,0.8135,0.1667,0.287,288,14,308
0.12,1.0,0.5833,0.7979,0.1667,0.287,295,14,326
0.1467,1.0,0.5833,0.7876,0.1944,0.2735,285,14,330
0.1867,1.0,0.5833,0.772,0.1944,0.2466,281,14,321
0.16,1.0,0.5833,0.7772,0.1944,0.2646,283,14,301
0.2,1.0,0.4167,0.7824,0.1944,0.2601,287,15,274
0.0933,1.0,0.5833,0.7876,0.1944,0.2601,273,15,259
0.1067,1.0,0.0833,0.7668,0.1667,0.2018,260,15,252
0.12,1.0,0.5833,0.7876,0.25,0.2825,272,15,254
0.1067,1.0,0.5,0.7824,0.1667,0.2646,278,15,258
0.24,1.0,0.3333,0.7772,0.2222,0.2511,281,15,259
0.1467,1.0,0.5833,0.7824,0.1667,0.2556,285,15,265
0.12,1.0,0.5833,0.7772,0.1944,0.2601,275,15,282
0.12,1.0,0.3333,0.772,0.1389,0.2466,284,15,302
0.12,1.0,0.3333,0.772,0.1667,0.2511,274,15,307
0.1733,1.0,0.6667,0.7668,0.2222,0.2466,276,15,303
0.0933,1.0,0.5833,0.7668,0.1667,0.2332,268,15,293
0.0533,1.0,0.5,0.7772,0.1389,0.2422,268,15,260
0.1067,1.0,0.6667,0.772,0.1667,0.2466,279,15,251
0.1333,1.0,0.5833,0.772,0.1667,0.2466,279,16,233
0.12,1.0,0.5833,0.772,0.1667,0.2332,273,16,233
0.2133,1.0,0.25,0.7617,0.1667,0.2197,286,17,240
0.0933,1.0,0.5,0.7824,0.1389,0.287,292,17,253
0.1333,1.0,0.5833,0.772,0.1389,0.2377,282,17,259
0.08,1.0,0.4167,0.772,0.1667,0.2332,262,18,276
0.0933,1.0,0.5833,0.7617,0.1111,0.2377,280,18,299
0.1467,1.0,0.5,0.7617,0.1667,0.2152,266,18,307
0.0933,1.0,0.6667,0.7513,0.1667,0.2242,266,18,306
0.1467,1.0,0.25,0.7513,0.1667,0.2197,268,18,300
0.1333,1.0,0.5833,0.7565,0.1667,0.2152,267,18,293
0.1467,1.0,0.4167,0.7617,0.2222,0.2108,249,18,262
0.12,1.0,0.9167,0.7513,0.1667,0.2152,280,18,252
0.1467,1.0,0.4167,0.7772,0.1667,0.1928,263,18,241
0.1067,1.0,0.5,0.7772,0.1667,0.2063,260,18,238
0.16,1.0,0.5833,0.7668,0.1667,0.2108,271,19,244
0.0933,1.0,0.75,0.7617,0.1667,0.2063,267,19,253
0.2267,1.0,0.3333,0.7461,0.1944,0.2197,273,19,255
0.12,1.0,0.5,0.772,0.1944,0.2152,258,19,260
0.16,1.0,0.5833,0.772,0.1667,0.2063,271,19,284
0.1467,1.0,0.5,0.772,0.1667,0.2063,265,19,302
0.1333,1.0,0.5833,0.7772,0.1667,0.2063,268,20,304
0.1333,1.0,0.8333,0.7668,0.1944,0.2108,273,20,298
0.08,1.0,0.6667,0.772,0.1667,0.2332,271,21,277
0.1467,1.0,0.5,0.7772,0.1667,0.1973,264,22,255
0.08,1.0,0.5,0.7617,0.1667,0.2018,252,22,250
0.0933,1.0,0.5,0.7668,0.1667,0.1928,253,23,250
0.0933,1.0,0.5833,0.7617,0.1389,0.1973,263,24,256
0.12,1.0,0.75,0.7617,0.1944,0.1928,261,25,260
0.1333,1.0,0.6667,0.7617,0.1667,0.2063,269,27,268
0.1333,1.0,0.5833,0.7513,0.1667,0.2018,262,27,278
0.1067,1.0,0.5,0.7668,0.2222,0.2018,245,29,276
0.0667,1.0,0.4167,0.7668,0.1667,0.2018,253,30,268
0.0133,1.0,0.5833,0.7617,0.1667,0.1883,242,32,257
0.1067,1.0,0.5833,0.7565,0.1667,0.1883,255,35,253
0.08,1.0,0.3333,0.7668,0.1389,0.1883,260,38,253
0.0533,1.0,0.6667,0.8342,0.1111,0.1973,280,43,253
0.1467,1.0,0.6667,0.8549,0.0833,0.148,289,49,242
0.2533,1.0,0.5833,0.8705,0.1389,0.139,289,58,228
0.1867,0.9556,0.5,0.9171,0.0833,0.0897,329,70,226
0.2267,0.9481,0.75,0.9896,0.0556,0.1345,399,97,233
0.2533,0.9185,0.6667,1.0,0.0278,0.1211,469,117,239
0.3467,0.8148,0.8333,1.0,0.0833,0.0942,594,163,252
0.32,0.7852,0.5833,1.0,0.0556,0.1076,644,208,258
0.2667,0.7852,0.8333,1.0,0.0833,0.1076,593,270,274
0.36,0.7704,0.8333,1.0,0.0833,0.1076,669,325,300
0.3067,0.763,0.6667,1.0,0.0556,0.148,695,378,322
0.3333,0.7259,0.6667,1.0,0.1111,0.0987,674,434,355
0.3733,0.6963,0.4167,1.0,0.1389,0.1166,729,508,388
0.28,0.6815,0.5,1.0,0.0833,0.1435,752,563,410
0.3733,0.6444,0.5833,1.0,0.1111,0.1345,840,614,425
0.3467,0.6074,0.5833,1.0,0.0278,0.139,988,645,438
0.3467,0.6667,0.5,1.0,0.0833,0.1839,851,716,461
0.36,0.6,0.4167,1.0,0.1111,0.139,922,771,484
0.36,0.6,0.4167,1.0,0.1111,0.1525,934,825,511
0.36,0.563,0.5,1.0,0.1667,0.157,951,863,530
0.3333,0.563,0.3333,1.0,0.1667,0.157,925,894,562
0.32,0.5333,0.1667,1.0,0.0833,0.1166,1071,933,585
0.4133,0.5185,0.4167,1.0,0.1111,0.1435,1149,977,603
0.3733,0.5259,0.5,0.9793,0.1944,0.13,976,1028,621
0.3333,0.5111,0.5,0.9793,0.1389,0.1256,1026,1071,647
0.3467,0.5185,0.4167,0.9793,0.1944,0.13,962,1109,672
0.3067,0.5259,0.75,0.9585,0.25,0.1076,844,1179,704
0.3467,0.4963,0.5833,0.943,0.25,0.1166,949,1220,724
0.3733,0.4593,0.5,0.9585,0.25,0.139,1079,1266,757
0.3467,0.4148,0.0833,0.9534,0.2222,0.0897,1178,1294,783
0.3333,0.4593,0.75,0.9534,0.3056,0.148,998,1329,793
0.36,0.4815,0.5833,0.9689,0.2222,0.1525,1052,1362,810
0.3733,0.4519,0.5833,0.9637,0.2222,0.1256,1113,1387,836
0.2667,0.4815,0.75,0.9482,0.1389,0.1256,1000,1407,857
0.4267,0.4815,0.6667,0.943,0.3056,0.13,1022,1423,881
0.32,0.4815,0.5,0.943,0.2222,0.148,994,1449,898
0.32,0.4741,0.5833,0.943,0.2222,0.148,1013,1467,914
0.4133,0.4667,0.25,0.9482,0.2778,0.139,1072,1476,929
0.3333,0.4889,0.5833,0.9275,0.2222,0.1435,983,1495,958
0.4267,0.4815,0.3333,0.9119,0.2778,0.1345,1030,1495,975
0.32,0.4667,0.6667,0.9119,0.25,0.1659,1005,1498,998
0.4133,0.4741,0.5833,0.9223,0.2222,0.157,1117,1532,1015
0.3067,0.4815,0.4167,0.9171,0.1944,0.1614,1004,1578,1018
0.32,0.4889,0.25,0.9223,0.1944,0.139,994,1616,1018
0.3467,0.4889,0.5833,0.9119,0.25,0.1435,967,1621,1018
0.3067,0.4889,0.5,0.9223,0.2222,0.1435,951,1620,1018
0.4,0.4444,0.1667,0.8964,0.25,0.139,1130,1629,1004
0.3867,0.5333,0.3333,0.8912,0.3056,0.157,838,1649,984
0.3733,0.5407,0.4167,0.8549,0.25,0.157,853,1663,968
0.3467,0.5926,0.5833,0.8653,0.25,0.1883,764,1668,948
0.3867,0.5704,0.5,0.8653,0.3333,0.2242,786,1683,915
0.3867,0.6222,0.4167,0.8601,0.3333,0.2556,727,1697,884
0.3867,0.6296,0.5,0.8394,0.3333,0.2601,708,1705,837
0.4133,0.5852,0.5833,0.8031,0.2778,0.2646,857,1714,776
0.4133,0.6296,0.5,0.8135,0.3611,0.2915,717,1729,746
0.4667,0.6222,0.5833,0.8135,0.3889,0.3139,760,1729,708
0.4133,0.6222,0.9167,0.7927,0.3333,0.3049,769,1723,674
0.48,0.6444,0.5833,0.7927,0.3333,0.3274,794,1714,643
0.4267,0.6148,0.4167,0.7979,0.3056,0.3229,828,1709,635
0.4,0.6444,0.5,0.8187,0.2778,0.3363,798,1703,641
0.36,0.6222,0.5,0.8238,0.25,0.3229,823,1702,670
0.44,0.6074,0.5,0.829,0.2778,0.3139,895,1709,681
0.44,0.637,0.5833,0.8083,0.3611,0.2915,722,1739,715
0.44,0.6593,0.5,0.8238,0.3333,0.3229,745,1746,734
0.3067,0.6667,0.75,0.8187,0.2778,0.3139,680,1737,747
0.4,0.6444,0.5,0.8135,0.3056,0.3363,770,1735,775
0.4133,0.6444,0.5833,0.7772,0.3611,0.3543,727,1741,793
0.4133,0.6741,0.5,0.7772,0.3889,0.3677,669,1741,799
0.4133,0.6667,0.5833,0.772,0.3889,0.3543,669,1743,794
0.4133,0.6889,0.4167,0.7824,0.3611,0.3722,678,1757,780
0.4933,0.6963,0.6667,0.7617,0.3889,0.3812,704,1758,760
0.48,0.7407,0.5833,0.7358,0.4722,0.3991,570,1737,731
0.5067,0.7852,0.4167,0.715,0.4722,0.4126,526,1728,714
0.4533,0.7481,0.5833,0.6736,0.5,0.426,527,1725,692
0.4267,0.7259,0.75,0.6425,0.4722,0.4529,594,1725,659
0.4933,0.8519,0.5,0.6373,0.5556,0.4664,407,1711,638
0.5333,0.8667,0.6667,0.6425,0.5278,0.4753,443,1682,625
0.56,0.8889,0.6667,0.6218,0.6111,0.4798,388,1650,602
0.5867,0.8963,0.6667,0.601,0.6111,0.5022,406,1612,565
0.6133,0.8963,0.75,0.5492,0.5833,0.4978,444,1583,544
0.5333,0.8889,0.5833,0.5544,0.5833,0.5067,401,1538,516
0.64,0.8963,0.75,0.5492,0.5833,0.4753,447,1512,488
0.5733,0.9407,0.75,0.5544,0.5833,0.4933,374,1494,463
0.6,0.9259,0.5833,0.5699,0.6667,0.5067,373,1493,437
0.6,0.9333,0.3333,0.5596,0.6944,0.5381,379,1523,410
0.68,0.9926,0.6667,0.4508,0.8056,0.5695,390,1542,409
0.72,1.0,0.5,0.3886,0.7778,0.6233,483,1542,401
0.7467,1.0,0.6667,0.399,0.7778,0.6278,497,1515,374
0.7467,1.0,0.4167,0.3782,0.7778,0.6188,508,1485,358
0.7467,1.0,0.75,0.4093,0.8611,0.6278,481,1476,358
0.72,1.0,0.5,0.4352,0.8611,0.6682,476,1481,367
0.7733,1.0,0.5,0.4611,0.9167,0.7399,541,1490,379
0.7733,1.0,0.5,0.4041,0.8889,0.6592,523,1490,385
0.7867,1.0,0.75,0.399,0.8056,0.6861,564,1508,408
0.96,1.0,0.6667,0.4249,0.9167,0.6771,651,1541,423
0.7867,1.0,0.6667,0.399,0.8611,0.7085,574,1578,450
0.8667,1.0,0.4167,0.3834,0.9167,0.6906,627,1612,475
0.8667,1.0,0.3333,0.3834,1.0,0.6996,630,1629,502
0.8533,1.0,0.5,0.3523,0.9167,0.7175,655,1648,529
0.8133,1.0,0.5833,0.3368,0.8611,0.7489,662,1661,541
0.8267,1.0,0.75,0.3316,0.8333,0.7489,677,1660,564
0.8533,1.0,0.5,0.3109,0.8056,0.7444,713,1659,576
0.8533,1.0,0.4167,0.2591,0.8056,0.7399,760,1655,608
0.8133,1.0,0.6667,0.2591,0.75,0.7668,752,1639,644
0.8133,1.0,0.75,0.285,0.7778,0.7623,723,1625,657
0.8533,1.0,0.75,0.2332,0.8056,0.7982,839,1603,688
0.8933,1.0,0.6667,0.1762,0.8056,0.7668,900,1588,713
0.88,1.0,0.6667,0.1451,0.9167,0.8117,978,1585,733
0.9067,1.0,0.6667,0.114,1.0,0.8206,1060,1602,763
0.9067,1.0,0.4167,0.0984,0.9167,0.8161,1065,1626,774
0.8667,1.0,0.75,0.0984,0.9167,0.8834,1089,1655,788
0.9067,1.0,0.5833,0.0933,0.9167,0.8789,1132,1676,817
0.92,1.0,0.75,0.0725,0.9167,0.8924,1177,1681,847
0.96,1.0,0.5833,0.0415,1.0,0.9193,1295,1693,883
0.9333,1.0,0.6667,0.0311,0.9444,0.9327,1287,1701,896
0.9867,1.0,0.6667,0.0933,0.9444,0.9238,1259,1714,925
0.96,1.0,0.6667,0.0777,0.9722,0.9238,1253,1736,950
0.9467,1.0,0.5,0.0622,0.9444,0.9417,1272,1772,975
1.0,1.0,0.5,0.0,1.0,0.9462,1411,1792,1002
1.0,1.0,0.5833,0.0,1.0,0.9462,1411,1794,1022
1.0,1.0,0.75,0.0,1.0,0.9327,1386,1787,1040
1.0,1.0,0.5833,0.0,0.8889,0.9596,1407,1747,1083
1.0,1.0,0.75,0.0,0.8889,0.9955,1418,1718,1118
1.0,1.0,0.75,0.0,1.0,1.0,1445,1696,1144
1.0,1.0,0.5833,0.0,0.9167,1.0,1448,1680,1170
1.0,1.0,0.6667,0.0,0.8889,1.0,1432,1677,1203
1.0,1.0,0.8333,0.0,0.9167,1.0,1418,1684,1211
1.0,1.0,0.75,0.0,0.8889,1.0,1422,1694,1243
1.0,1.0,0.8333,0.0,0.8611,1.0,1407,1702,1275
1.0,1.0,0.75,0.0,0.9167,1.0,1428,1709,1304
1.0,1.0,1.0,0.0,0.9722,1.0,1410,1716,1335
1.0,1.0,0.6667,0.0,0.9722,1.0,1450,1720,1380
1.0,1.0,0.75,0.0,1.0,1.0,1445,1720,1397
1.0,1.0,0.75,0.0,1.0,1.0,1445,1720,1407
1.0,1.0,0.6667,0.0,1.0,1.0,1455,1743,1435
1.0,1.0,0.8333,0.0,1.0,1.0,1436,1781,1455
1.0,1.0,0.75,0.0,1.0,1.0,1445,1808,1458
1.0,1.0,0.8333,0.0,1.0,1.0,1436,1838,1458
1.0,1.0,0.8333,0.0,1.0,1.0,1436,1849,1458
1.0,1.0,0.75,0.0,1.0,1.0,1445,1856,1453
1.0,1.0,0.75,0.0,0.9444,1.0,1434,1891,1424
1.0,1.0,0.6667,0.0,0.9167,1.0,1438,1924,1410
1.0,1.0,0.75,0.0,0.9722,1.0,1440,1954,1408
1.0,1.0,0.9167,0.0,1.0,1.0,1426,1975,1409
1.0,1.0,0.8333,0.0,1.0,1.0,1436,1999,1415
1.0,1.0,0.5,0.0,1.0,1.0,1462,2010,1427
1.0,1.0,0.9167,0.0,0.8889,1.0,1403,2015,1433
1.0,1.0,0.6667,0.0,0.9167,1.0,1438,2013,1442
1.0,1.0,0.6667,0.0,0.9167,1.0,1438,2013,1454
1.0,1.0,0.75,0.0,1.0,1.0,1445,2035,1457
1.0,1.0,0.75,0.0,1.0,1.0,1445,2058,1456
1.0,1.0,1.0,0.0,1.0,1.0,1416,2072,1450
1.0,1.0,0.8333,0.0,1.0,1.0,1436,2089,1432
1.0,1.0,0.5,0.0,1.0,1.0,1462,2121,1409
1.0,1.0,0.6667,0.0,1.0,1.0,1455,2160,1402
1.0,1.0,0.9167,0.0,1.0,1.0,1426,2171,1401
1.0,1.0,0.75,0.0,1.0,1.0,1445,2184,1403
1.0,1.0,0.75,0.0,1.0,1.0,1445,2199,1409
1.0,1.0,0.75,0.0,1.0,1.0,1445,2224,1426
1.0,1.0,0.75,0.0,1.0,1.0,1445,2237,1443
1.0,1.0,0.6667,0.0,1.0,1.0,1455,2254,1457
1.0,1.0,0.9167,0.0,1.0,1.0,1426,2292,1469
1.0,1.0,0.6667,0.0,1.0,1.0,1455,2303,1476
1.0,1.0,0.6667,0.0,1.0,1.0,1455,2284,1474
1.0,1.0,0.6667,0.0,1.0,1.0,1455,2267,1453
1.0,1.0,0.75,0.0,1.0,1.0,1445,2255,1446
1.0,1.0,0.75,0.0,0.8889,1.0,1422,2174,1425
1.0,1.0,0.3333,0.0,0.8611,1.0,1448,2154,1425
1.0,1.0,0.8333,0.0,1.0,1.0,1436,2106,1431
1.0,1.0,0.5833,0.0,1.0,1.0,1462,2074,1444
1.0,1.0,0.8333,0.0,1.0,1.0,1436,2065,1452
1.0,1.0,0.75,0.0,1.0,1.0,1445,2041,1451
1.0,1.0,0.8333,0.0,1.0,1.0,1436,1933,1449
1.0,1.0,0.6667,0.0,1.0,1.0,1455,1827,1448
1.0,1.0,0.75,0.0,1.0,1.0,1445,1764,1446
1.0,1.0,0.75,0.0,1.0,1.0,1445,1685,1427
1.0,1.0,0.8333,0.0,1.0,1.0,1436,1623,1406
1.0,1.0,0.75,0.0,1.0,1.0,1445,1589,1406
1.0,1.0,0.9167,0.0,1.0,1.0,1426,1533,1414
1.0,1.0,0.75,0.0,1.0,1.0,1445,1450,1437
1.0,1.0,0.8333,0.0,1.0,1.0,1436,1420,1452
1.0,1.0,0.75,0.0,1.0,1.0,1445,1416,1453
1.0,1.0,1.0,0.0,1.0,1.0,1416,1428,1451
1.0,1.0,0.8333,0.0,1.0,1.0,1436,1458,1442
1.0,1.0,0.8333,0.0,1.0,1.0,1436,1475,1427
1.0,1.0,0.75,0.0,1.0,1.0,1445,1488,1399
1.0,1.0,0.8333,0.0,1.0,1.0,1436,1481,1396
1.0,1.0,0.8333,0.0,1.0,1.0,1436,1474,1396
1.0,1.0,0.9167,0.0,1.0,1.0,1426,1467,1401
1.0,1.0,0.75,0.0,1.0,1.0,1445,1456,1410
1.0,1.0,0.8333,0.0,1.0,1.0,1436,1446,1428
1.0,1.0,0.75,0.0,1.0,1.0,1445,1448,1437
1.0,1.0,0.6667,0.0,1.0,1.0,1455,1461,1449
1.0,1.0,0.8333,0.0,1.0,1.0,1436,1480,1455
1.0,1.0,0.6667,0.0,1.0,1.0,1455,1484,1456
1.0,1.0,0.9167,0.0,1.0,1.0,1426,1479,1449
1.0,1.0,0.75,0.0,1.0,1.0,1445,1480,1444
1.0,1.0,0.9167,0.0,1.0,1.0,1426,1480,1441
1.0,1.0,0.8333,0.0,1.0,1.0,1436,1480,1442
1.0,1.0,0.5833,0.0,1.0,1.0,1462,1500,1448
1.0,1.0,1.0,0.0,1.0,1.0,1416,1523,1451
1.0,1.0,0.75,0.0,1.0,1.0,1445,1569,1452
1.0,1.0,0.8333,0.0,1.0,1.0,1436,1647,1451
1.0,1.0,1.0,0.0,1.0,1.0,1416,1737,1449
1.0,1.0,1.0,0.0,1.0,1.0,1416,1795,1449
1.0,1.0,0.6667,0.0,1.0,1.0,1455,1823,1443
1.0,1.0,0.8333,0.0,1.0,1.0,1436,1828,1420
1.0,1.0,0.75,0.0,1.0,1.0,1445,1828,1404
1.0,1.0,0.75,0.0,1.0,1.0,1445,1840,1391
1.0,1.0,0.6667,0.0,1.0,1.0,1455,1844,1390
1.0,1.0,0.8333,0.0,1.0,1.0,1436,1850,1394
1.0,1.0,0.5833,0.0,1.0,1.0,1462,1860,1400
1.0,1.0,0.8333,0.0,1.0,1.0,1436,1872,1416
1.0,1.0,0.5,0.0,1.0,1.0,1462,1875,1423
1.0,1.0,0.5,0.0,1.0,1.0,1462,1885,1439
1.0,1.0,0.6667,0.0,1.0,1.0,1455,1903,1446
1.0,1.0,0.6667,0.0,1.0,1.0,1455,1923,1446
1.0,1.0,0.8333,0.0,1.0,1.0,1436,1953,1444
1.0,1.0,0.9167,0.0,1.0,1.0,1426,1961,1440
1.0,1.0,0.6667,0.0,1.0,1.0,1455,1949,1440
1.0,1.0,0.8333,0.0,1.0,1.0,1436,1937,1441
1.0,1.0,0.6667,0.0,1.0,1.0,1455,1925,1441
1.0,1.0,0.8333,0.0,1.0,1.0,1436,1873,1419
1.0,1.0,0.75,0.0,1.0,1.0,1445,1848,1395
1.0,1.0,0.6667,0.0,1.0,1.0,1455,1851,1391
1.0,1.0,0.6667,0.0,1.0,1.0,1455,1855,1393
1.0,1.0,0.75,0.0,1.0,1.0,1445,1851,1399
1.0,1.0,0.9167,0.0,1.0,1.0,1426,1847,1417
1.0,1.0,0.5833,0.0,1.0,1.0,1462,1842,1436
1.0,1.0,0.9167,0.0,1.0,1.0,1426,1834,1446
1.0,1.0,0.8333,0.0,1.0,1.0,1436,1816,1464
1.0,1.0,0.4167,0.0,1.0,1.0,1462,1773,1485
1.0,1.0,0.5,0.0,1.0,1.0,1462,1736,1482
1.0,1.0,0.6667,0.0,0.9167,1.0,1438,1695,1460
0.9867,1.0,0.8333,0.0777,0.8333,1.0,1301,1646,1444
0.92,1.0,0.8333,0.2124,0.7222,1.0,1138,1572,1427
0.8133,1.0,0.8333,0.3316,0.5278,1.0,1087,1503,1425
0.68,1.0,0.75,0.5285,0.4444,1.0,978,1418,1424
0.6,1.0,0.8333,0.6218,0.4444,1.0,906,1380,1418
0.6,1.0,0.75,0.7254,0.3889,1.0,982,1335,1394
0.4533,1.0,0.6667,0.7617,0.2778,1.0,973,1333,1380
0.4267,1.0,0.9167,0.7772,0.2778,1.0,974,1334,1360
0.3733,1.0,0.5833,0.8135,0.1944,1.0,1003,1324,1320
0.36,1.0,0.8333,0.8497,0.1667,1.0,1062,1298,1275
0.3467,1.0,0.8333,0.8601,0.1944,1.0,1026,1273,1219
0.2267,1.0,0.9167,0.886,0.1389,1.0,998,1236,1153
0.2933,1.0,0.9167,0.9016,0.1389,1.0,1057,1195,1112
0.2667,1.0,0.8333,0.9171,0.0833,1.0,1099,1130,1077
0.24,1.0,0.9167,0.9223,0.0833,1.0,1080,1057,1036
0.36,1.0,0.9167,0.9275,0.1389,1.0,1119,988,991
0.16,1.0,0.75,0.9637,0.0833,1.0,1012,883,956
0.1867,1.0,0.75,0.9637,0.1111,1.0,1004,836,956
0.1733,1.0,0.9167,0.9741,0.0833,1.0,1044,819,960
0.2133,1.0,0.6667,0.9689,0.0278,1.0,1113,797,984
0.1467,1.0,0.1667,1.0,0.0278,1.0,1025,778,1009
0.1333,1.0,0.6667,1.0,0.0278,1.0,1052,770,1022
0.0933,1.0,0.5833,1.0,0.0,1.0,1044,759,1038
0.16,1.0,0.6667,1.0,0.0,1.0,1107,749,1057
0.0933,1.0,0.75,1.0,0.0,1.0,1059,735,1071
0.1067,1.0,0.75,1.0,0.0,0.991,1061,710,1076
0.1067,1.0,0.5833,1.0,0.0,0.9552,1012,664,1076
0.0667,1.0,0.6667,1.0,0.0,0.9596,995,639,1075
0.0667,1.0,0.3333,1.0,0.0,0.9103,926,612,1069
0.0933,1.0,0.6667,0.9845,0.0,0.8744,930,552,1044
0.0933,1.0,0.6667,0.9845,0.0278,0.8789,908,512,1028
0.1333,1.0,0.3333,0.9741,0.0,0.843,900,475,997
0.08,1.0,0.5,0.9482,0.0,0.861,888,453,961
0.08,1.0,0.5833,0.943,0.0,0.8251,859,432,922
0.1067,1.0,0.75,0.9378,0.0,0.8161,877,397,879
0.12,1.0,0.75,0.9326,0.0278,0.7892,835,377,845
0.1733,1.0,0.5833,0.9275,0.0556,0.7892,832,360,816
0.0533,1.0,0.5833,0.9482,0.0278,0.7803,783,346,810
0.12,1.0,0.5,0.9223,0.0278,0.7444,775,307,809
0.1067,1.0,0.9167,0.9119,0.0278,0.7444,796,287,813
0.0667,1.0,0.6667,0.8964,0.0,0.7399,771,274,813
0.08,1.0,0.75,0.8912,0.0,0.704,753,263,810
0.12,1.0,0.8333,0.9016,0.0,0.7399,815,250,804
0.0133,1.0,0.4167,0.8964,0.0,0.6592,661,235,763
0.0667,1.0,0.5833,0.9223,0.0,0.7265,763,233,727
0.08,1.0,0.6667,0.8964,0.0,0.6996,745,233,710
0.08,1.0,0.75,0.8912,0.0,0.704,753,229,710
0.0933,1.0,0.75,0.8912,0.0,0.6906,749,205,715
0.0933,1.0,0.6667,0.8912,0.0,0.6906,743,181,727
0.0533,1.0,0.6667,0.9016,0.0,0.6906,726,160,740
0.0267,1.0,0.4167,0.886,0.0,0.6861,685,136,755
0.08,1.0,0.6667,0.8808,0.0,0.6682,714,115,763
0.1333,1.0,0.5,0.8964,0.0,0.6592,727,93,760
0.0667,1.0,0.4167,0.8756,0.0,0.6009,633,80,746
0.0667,1.0,0.6667,0.8808,0.0,0.6547,697,69,733
0.0933,1.0,0.3333,0.8912,0.0,0.6368,673,61,713
0.0933,1.0,0.6667,0.8964,0.0278,0.6368,678,56,699
0.08,1.0,0.6667,0.9275,0.0278,0.6368,682,52,681
0.3467,1.0,0.6667,0.886,0.1111,0.6323,736,44,653
0.2267,1.0,0.6667,0.886,0.0556,0.6233,706,38,649
0.16,1.0,0.8333,0.9171,0.0,0.6278,746,33,652
0.1333,1.0,0.6667,0.943,0.0278,0.574,663,28,664
0.1867,1.0,0.75,0.9585,0.0556,0.6278,722,24,678
0.16,1.0,0.9167,0.9689,0.0556,0.6323,728,19,695
0.2133,1.0,0.6667,0.9845,0.0833,0.6143,704,16,702
0.2,1.0,0.5,0.9171,0.1111,0.6278,648,14,708
0.1867,1.0,0.5833,0.8653,0.0833,0.6099,639,12,731
0.16,1.0,0.5833,0.8912,0.0833,0.6278,650,11,736
0.1867,1.0,0.5,0.8808,0.1389,0.6099,591,12,734
0.16,1.0,0.6667,0.8808,0.1111,0.6233,625,12,728
0.1733,1.0,0.6667,0.9067,0.1111,0.6233,641,11,706
0.1467,1.0,0.5833,0.9378,0.1111,0.6906,687,11,690
0.1867,1.0,0.4167,0.8912,0.1389,0.6188,595,10,667
0.2,1.0,0.75,0.8756,0.1111,0.6054,635,10,639
0.16,1.0,0.5833,0.8808,0.1389,0.6009,578,9,607
0.1733,1.0,0.5,0.8912,0.0833,0.6054,632,9,594
0.2133,1.0,0.4167,0.8964,0.0556,0.6188,679,9,591
0.1867,1.0,0.4167,0.9016,0.0833,0.6278,652,10,589
0.2267,1.0,0.5,0.8808,0.0833,0.6099,657,10,570
0.1333,1.0,0.6667,0.8808,0.0833,0.6099,624,9,536
0.1733,1.0,0.5,0.886,0.0556,0.6188,664,9,520
0.2,1.0,0.5833,0.886,0.0556,0.6143,680,9,517
0.12,1.0,0.5833,0.9067,0.0556,0.6323,662,8,527
0.1467,1.0,0.5,0.9275,0.0556,0.6099,658,8,541
0.2,1.0,0.5833,0.9378,0.0833,0.6009,664,8,567
0.16,1.0,0.8333,0.9534,0.1667,0.6054,602,8,586
0.1867,1.0,0.6667,0.9585,0.1389,0.6233,643,8,610
0.16,1.0,0.9167,0.9689,0.1389,0.6323,659,8,642
0.2133,1.0,0.6667,0.9793,0.1944,0.6188,613,9,653
0.2133,1.0,0.6667,1.0,0.2222,0.6143,594,9,654
0.24,1.0,0.6667,1.0,0.2222,0.6278,618,9,654
0.24,1.0,0.75,0.9741,0.2778,0.6682,602,9,653
0.2933,1.0,0.5,0.9275,0.3333,0.6188,503,9,652
0.2533,1.0,0.5833,0.8808,0.3333,0.6143,471,9,633
0.32,1.0,0.4167,0.8808,0.3611,0.6009,459,9,607
0.28,1.0,0.5833,0.886,0.3889,0.6278,450,9,581
0.2533,1.0,0.6667,0.8808,0.3611,0.6457,481,9,545
0.2667,1.0,0.75,0.8808,0.3333,0.6278,503,10,511
0.3333,1.0,0.3333,0.8912,0.3611,0.6233,485,10,480
0.28,1.0,0.5833,0.8912,0.3611,0.6413,486,10,456
0.2667,1.0,0.5,0.8808,0.3611,0.6323,462,10,446
0.3067,1.0,0.5,0.886,0.3611,0.6413,495,10,446
0.2667,1.0,0.8333,0.886,0.3056,0.6592,559,10,461
0.3067,1.0,0.5,0.8808,0.3889,0.6323,461,11,485
0.2667,1.0,0.4167,0.8497,0.3611,0.6278,443,11,499
0.2667,1.0,0.4167,0.8601,0.3333,0.6592,498,11,516
0.24,1.0,0.5,0.8497,0.3333,0.6502,477,11,523
0.2933,1.0,0.8333,0.8653,0.3611,0.6502,512,11,523
0.32,1.0,0.5833,0.8549,0.3889,0.6413,475,12,518
0.3333,1.0,0.6667,0.8446,0.3333,0.6143,507,12,504
0.2667,1.0,0.5833,0.8446,0.3611,0.6278,453,12,493
0.2667,1.0,0.75,0.8446,0.3889,0.6323,448,12,467
0.32,1.0,0.75,0.829,0.4444,0.6188,411,12,424
0.2933,1.0,0.6667,0.8342,0.3889,0.6233,443,12,403
0.3333,1.0,0.5,0.8238,0.3611,0.6323,483,12,394
0.4533,1.0,0.6667,0.8187,0.4444,0.6188,479,12,402
0.3467,1.0,0.6667,0.8187,0.3889,0.6278,472,12,424
0.2667,1.0,0.3333,0.829,0.3889,0.6323,412,12,444
0.3467,1.0,0.5,0.8238,0.3889,0.6054,443,11,467
0.28,1.0,0.75,0.8187,0.3889,0.6099,427,10,498
0.2533,1.0,0.5833,0.8238,0.3333,0.6143,452,10,505
0.2933,1.0,0.0,0.8083,0.3333,0.5919,412,10,504
0.2533,1.0,0.75,0.8135,0.3333,0.6099,459,9,500
0.32,1.0,0.6667,0.8187,0.3611,0.6188,472,9,482
0.24,1.0,0.5,0.8083,0.3333,0.6188,436,10,457
0.2533,1.0,0.75,0.7979,0.3889,0.6099,407,10,406
0.28,1.0,0.5833,0.8031,0.3889,0.6054,404,10,401
0.28,1.0,0.25,0.7876,0.3611,0.5785,376,10,401
0.3067,1.0,0.4167,0.7824,0.3333,0.5874,432,9,406
0.3333,1.0,0.5833,0.7668,0.4167,0.583,379,8,407
0.2933,1.0,0.75,0.7668,0.3333,0.5874,444,7,405
0.32,1.0,0.6667,0.7668,0.3611,0.5919,432,8,399
0.3067,1.0,0.5833,0.772,0.3611,0.5785,408,9,381
0.28,1.0,0.4167,0.772,0.3611,0.5874,390,9,362
0.2533,1.0,0.8333,0.7668,0.3611,0.6009,418,8,342
0.2933,1.0,0.5833,0.7617,0.3611,0.5964,413,8,344
0.3067,1.0,0.5833,0.7668,0.3333,0.583,434,8,350
0.2933,1.0,0.6667,0.7617,0.3611,0.5785,405,8,365
0.32,1.0,0.6667,0.7668,0.4167,0.583,377,7,379
0.3067,1.0,0.5833,0.7668,0.3333,0.583,434,7,397
0.2933,1.0,0.5833,0.7617,0.3611,0.5874,405,7,402
0.3333,1.0,0.6667,0.7617,0.3611,0.583,430,7,407
0.2667,1.0,0.5833,0.7617,0.3333,0.5874,415,7,403
0.2933,1.0,0.5833,0.772,0.3889,0.5785,378,7,394
0.2133,1.0,0.6667,0.7668,0.3611,0.583,371,7,376
0.28,1.0,0.5,0.7565,0.3611,0.574,378,7,364
0.4133,1.0,0.75,0.7565,0.4444,0.565,393,7,358
0.32,1.0,0.3333,0.7617,0.3056,0.5695,436,8,357
0.2267,1.0,0.5833,0.7824,0.3333,0.6188,428,8,365
0.2667,1.0,0.6667,0.7668,0.3889,0.5695,363,8,375
0.28,1.0,0.5,0.7668,0.3333,0.5695,402,8,390
0.2267,1.0,0.6667,0.7772,0.3333,0.6099,427,8,402
0.2933,1.0,0.25,0.7772,0.3056,0.6323,477,8,406
0.28,1.0,0.5,0.7565,0.3333,0.5561,387,8,407
0.48,1.0,0.6667,0.772,0.4444,0.565,431,8,405
0.3067,1.0,0.6667,0.7513,0.4167,0.574,358,9,407
0.32,1.0,0.5,0.7409,0.3333,0.5605,408,9,425
0.2933,1.0,0.5,0.7513,0.3333,0.5605,396,9,451
0.2667,1.0,0.3333,0.7358,0.3333,0.5157,337,9,460
0.32,1.0,0.5,0.7668,0.3611,0.6278,454,9,460
0.3333,1.0,0.5833,0.7461,0.4167,0.5561,348,9,453
0.3467,1.0,0.5833,0.7461,0.3889,0.565,387,9,423
0.2667,1.0,0.6667,0.7513,0.3889,0.574,362,10,415
0.2533,1.0,0.6667,0.7617,0.3611,0.5561,368,10,413
0.2933,1.0,0.75,0.772,0.4167,0.5516,347,10,405
0.3067,1.0,0.5,0.7979,0.4167,0.5605,348,9,375
0.2533,1.0,0.5833,0.7927,0.4444,0.565,324,9,336
0.3467,1.0,0.4167,0.772,0.4167,0.565,361,9,309
0.2667,1.0,0.6667,0.7617,0.3889,0.574,365,10,296
0.1467,1.0,0.75,0.7617,0.3611,0.565,333,10,296
0.2933,1.0,0.4167,0.7824,0.4167,0.5919,358,10,306
0.2933,1.0,0.3333,0.772,0.3889,0.574,356,10,319
0.28,1.0,0.5,0.7876,0.4167,0.574,342,10,328
0.3067,1.0,0.5,0.7876,0.4167,0.5785,360,10,346
0.2933,1.0,0.5833,0.7927,0.4167,0.583,365,10,357
0.2933,1.0,0.1667,0.7876,0.3889,0.5695,348,10,378
0.2933,1.0,0.75,0.8083,0.3889,0.6054,427,10,395
0.32,1.0,0.75,0.8135,0.4167,0.6009,415,10,394
0.32,1.0,0.3333,0.7876,0.4444,0.583,342,10,384
0.4533,1.0,0.5,0.6684,0.5833,0.5919,321,10,360
0.3467,1.0,0.8333,0.6166,0.4444,0.5785,339,10,341
0.3067,1.0,0.75,0.6425,0.4167,0.574,338,10,314
0.2933,1.0,0.75,0.6736,0.4444,0.5561,320,10,293
0.3333,1.0,0.5833,0.6839,0.3611,0.5426,365,10,282
0.32,1.0,0.6667,0.7202,0.2778,0.5247,430,9,287
0.3067,1.0,0.75,0.7772,0.2222,0.5157,489,9,311
0.2667,1.0,0.4167,0.8394,0.1944,0.4933,468,10,339
0.28,1.0,0.5,0.8653,0.1667,0.5202,536,10,353
0.36,1.0,0.6667,0.8653,0.1667,0.4933,568,9,373
0.2933,1.0,0.6667,0.9171,0.0278,0.4978,671,9,407
0.2267,1.0,0.4167,0.9171,0.1111,0.4888,542,9,418
0.2267,1.0,0.5833,0.9326,0.1111,0.4888,562,9,443
0.2667,1.0,0.5833,0.9326,0.0556,0.4888,628,9,472
0.2933,1.0,0.5,0.9016,0.1111,0.4843,573,9,495
0.2667,1.0,0.5,0.8756,0.0833,0.4664,560,9,536
0.2133,1.0,0.5,0.8705,0.1111,0.4798,519,9,546
0.24,1.0,0.5833,0.8705,0.0833,0.4619,547,9,554
0.2667,1.0,0.5,0.8964,0.0833,0.4529,556,9,574
0.2267,1.0,0.5833,0.9223,0.0833,0.4664,563,9,591
0.28,1.0,0.5,0.9326,0.0278,0.4395,607,9,599
0.1867,1.0,0.5833,0.9482,0.0,0.4574,609,10,596
0.2667,1.0,0.3333,0.943,0.0833,0.4574,561,10,581
0.2267,1.0,0.4167,0.9171,0.0556,0.4574,563,10,573
0.2533,1.0,0.6667,0.9016,0.0278,0.4484,601,10,573
0.28,1.0,0.6667,0.9119,0.0556,0.4619,610,10,575
0.2933,1.0,0.6667,0.9067,0.0,0.4529,648,10,572
0.24,1.0,0.5,0.9016,0.0278,0.4664,599,10,557
0.2533,1.0,0.75,0.8912,0.0556,0.4664,598,10,555
0.2933,1.0,0.6667,0.8549,0.0833,0.4619,573,10,558
0.2533,1.0,0.5833,0.8238,0.1111,0.4529,507,10,562
0.24,1.0,0.75,0.8135,0.0833,0.4888,560,10,574
0.28,1.0,0.5,0.8083,0.1667,0.4484,458,10,576
0.2667,1.0,0.6667,0.8031,0.1389,0.4753,508,10,575
0.2667,1.0,0.75,0.8031,0.1111,0.4664,528,10,570
0.2133,1.0,0.5,0.8135,0.1111,0.4753,496,10,556
0.3067,1.0,0.5,0.8083,0.1111,0.4753,540,10,547
0.2533,1.0,0.5,0.8238,0.1667,0.4753,472,10,536
0.2667,1.0,0.5,0.8601,0.1944,0.4888,479,10,500
0.2267,1.0,0.5833,0.8446,0.2778,0.4978,399,10,487
0.2933,1.0,0.5,0.7824,0.4167,0.4619,302,10,482
0.32,1.0,0.6667,0.7772,0.4444,0.4753,308,10,470
0.2667,1.0,0.75,0.7461,0.3889,0.4798,317,10,418
0.32,1.0,0.75,0.7254,0.4722,0.4709,290,10,398
0.4133,1.0,0.4167,0.7409,0.4444,0.4798,321,10,385
0.28,1.0,0.5833,0.8031,0.4722,0.5067,299,10,376
0.2933,1.0,0.5833,0.9326,0.4444,0.5291,347,10,355
0.36,1.0,0.5833,1.0,0.3611,0.565,501,10,324
0.32,1.0,0.5833,1.0,0.3611,0.5919,504,10,304
0.3467,1.0,0.1667,1.0,0.3611,0.574,471,10,293
0.3067,1.0,0.5833,1.0,0.3333,0.5919,520,10,292
0.3067,1.0,0.6667,1.0,0.3056,0.6188,573,10,301
0.2933,1.0,0.5833,1.0,0.1944,0.6547,682,10,319
0.2667,1.0,0.6667,1.0,0.1111,0.713,796,10,329
0.2933,1.0,0.75,1.0,0.0833,0.6996,828,11,351
0.2933,1.0,0.75,1.0,0.0,0.6996,903,11,370
0.2267,1.0,0.5833,1.0,0.0,0.704,857,11,394
0.2133,1.0,0.8333,1.0,0.0,0.713,874,11,413
0.2533,1.0,0.6667,1.0,0.0,0.7444,916,11,436
0.2533,1.0,0.6667,1.0,0.0,0.7309,904,11,467
0.2,1.0,0.6667,1.0,0.0,0.7489,887,11,488
0.2133,1.0,0.5833,1.0,0.0,0.7489,891,11,521
0.2,1.0,0.4167,1.0,0.0,0.7489,870,11,546
0.2667,1.0,0.6667,1.0,0.0,0.722,904,11,560
0.2,1.0,0.75,1.0,0.0,0.7265,872,11,578
0.2267,1.0,0.5,1.0,0.0,0.722,868,11,613
0.1867,1.0,0.6667,1.0,0.0,0.7265,859,11,640
0.2,1.0,0.75,1.0,0.0,0.713,861,11,660
0.1733,1.0,0.5833,1.0,0.0,0.7175,837,11,690
0.2133,1.0,0.6667,1.0,0.0,0.7265,874,11,714
0.2133,1.0,0.75,1.0,0.0,0.713,868,11,753
0.1867,1.0,0.6667,1.0,0.0,0.7444,874,11,765
0.2533,1.0,0.5833,1.0,0.0,0.7175,886,11,781
0.1733,1.0,0.75,1.0,0.0,0.7175,850,11,807
0.2133,1.0,0.6667,1.0,0.0,0.7265,874,11,839
0.24,1.0,0.8333,1.0,0.0,0.713,889,11,868
0.16,1.0,0.5,1.0,0.0,0.7175,823,11,874
0.16,1.0,0.75,1.0,0.0,0.713,839,11,875
0.2,1.0,0.6667,1.0,0.0,0.713,854,11,874
0.1467,1.0,0.6667,1.0,0.0,0.6996,815,11,875
0.1867,1.0,0.6667,1.0,0.0,0.7085,843,11,873
0.16,1.0,0.5833,1.0,0.0,0.6996,815,11,868
0.1333,1.0,0.6667,1.0,0.0,0.6996,808,11,863
0.1733,1.0,0.5,1.0,0.0,0.6951,811,11,834
0.1733,1.0,0.5,1.0,0.0,0.6906,807,11,816
0.2,1.0,0.5833,1.0,0.0,0.6861,825,11,807
0.1333,1.0,0.6667,1.0,0.0,0.6996,808,11,795
0.1333,1.0,0.4167,1.0,0.0,0.6861,777,11,787
0.1467,1.0,0.3333,1.0,0.0,0.7265,809,11,786
0.1333,1.0,0.5,1.0,0.0,0.6906,788,11,786
0.1733,1.0,0.4167,1.0,0.0,0.6816,793,11,786
0.1067,1.0,0.5,1.0,0.0,0.6816,768,11,784
0.2533,1.0,0.4167,1.0,0.0,0.6726,832,11,782
0.1733,1.0,0.6667,1.0,0.0,0.6502,788,11,785
0.0933,1.0,0.5833,1.0,0.0,0.6861,771,11,785
0.0667,1.0,0.6667,1.0,0.0,0.6502,735,11,785
0.16,1.0,0.5,1.0,0.0,0.6457,765,11,785
0.1733,1.0,0.8333,1.0,0.0,0.6323,785,11,788
0.2133,1.0,0.6667,1.0,0.0,0.6502,808,11,787
0.1733,1.0,0.5833,1.0,0.0,0.6368,771,11,780
0.08,1.0,0.6667,1.0,0.0,0.6233,720,11,778
0.1733,1.0,0.5833,1.0,0.0,0.6278,764,11,778
0.16,1.0,0.5,1.0,0.0833,0.565,630,11,779
0.1867,1.0,0.8333,1.0,0.1389,0.5291,593,11,779
0.1867,1.0,0.5,1.0,0.1667,0.5202,537,11,772
0.1867,1.0,0.6667,1.0,0.1944,0.4753,492,11,754
0.2267,1.0,0.5833,1.0,0.1667,0.4798,531,11,697
0.2267,1.0,0.5,1.0,0.1667,0.4843,528,11,665
0.1467,1.0,0.4167,1.0,0.1667,0.4664,467,11,620
0.2267,1.0,0.5833,1.0,0.1667,0.4574,513,11,579
0.16,1.0,0.5,1.0,0.1667,0.4709,484,11,530
0.1867,1.0,0.5833,1.0,0.0556,0.435,568,11,514
0.1867,1.0,0.6667,1.0,0.1389,0.4484,516,11,500
0.16,1.0,0.5833,1.0,0.1389,0.426,479,11,482
0.2133,1.0,0.5833,1.0,0.1667,0.4215,478,11,472
0.2267,1.0,0.25,1.0,0.1389,0.4215,481,11,472
0.24,1.0,0.5833,1.0,0.1944,0.426,471,11,496
0.2,1.0,0.4167,1.0,0.0833,0.3991,509,11,506
0.1733,1.0,0.6667,1.0,0.1111,0.3946,489,11,505
0.1733,1.0,0.4167,1.0,0.0833,0.3901,488,11,498
0.1867,1.0,0.5,1.0,0.1667,0.3767,422,11,484
0.2667,1.0,0.6667,1.0,0.0833,0.3677,534,11,478
0.32,1.0,0.75,1.0,0.1944,0.3498,462,11,470
0.24,1.0,0.5,1.0,0.1389,0.3543,453,12,471
0.24,1.0,0.6667,1.0,0.1389,0.3498,463,12,488
0.24,1.0,0.4167,1.0,0.1667,0.3318,404,12,511
0.2267,1.0,0.75,1.0,0.1389,0.3453,458,12,511
0.2533,1.0,0.6667,1.0,0.1389,0.3363,458,12,511
0.16,1.0,0.6667,1.0,0.1111,0.3587,452,12,505
0.24,1.0,0.5,1.0,0.1389,0.3318,435,12,478
0.2,1.0,0.4167,1.0,0.1111,0.3229,421,12,453
0.2,1.0,0.3333,1.0,0.1389,0.3318,406,12,413
0.1867,1.0,0.5833,1.0,0.1389,0.3408,423,12,394
0.2,1.0,0.5833,1.0,0.1667,0.3184,389,12,384
0.1733,1.0,0.5,1.0,0.1667,0.3139,365,12,381
0.08,1.0,0.75,1.0,0.1389,0.3139,357,12,384
0.1733,1.0,0.5833,1.0,0.1667,0.3139,372,12,396
0.2,1.0,0.5,1.0,0.1944,0.3139,354,12,400
0.2,1.0,0.4167,1.0,0.1944,0.3363,365,12,399
0.1867,1.0,0.1667,1.0,0.1667,0.2691,343,12,395
0.2267,1.0,0.4167,1.0,0.25,0.3184,330,12,380
0.16,1.0,0.25,1.0,0.1944,0.2646,321,12,358
0.1867,1.0,0.5833,1.0,0.1667,0.296,362,12,336
0.16,1.0,0.9167,1.0,0.1667,0.296,371,12,300
0.1467,1.0,0.5833,1.0,0.1389,0.3274,391,12,278
0.1867,1.0,0.5,0.9896,0.1667,0.2915,348,12,272
0.24,1.0,0.4167,0.9896,0.1944,0.287,343,12,274
0.24,1.0,0.5833,1.0,0.1667,0.3139,405,12,302
0.2,1.0,0.5833,0.9845,0.1111,0.296,404,12,317
0.1733,1.0,0.5833,0.9845,0.1667,0.296,349,12,335
0.1733,1.0,0.5,1.0,0.1944,0.3094,340,12,357
0.16,1.0,0.8333,1.0,0.1944,0.296,347,12,375
0.2267,1.0,0.5,0.9948,0.1944,0.287,345,12,381
0.1733,1.0,0.4167,0.9948,0.1944,0.3049,334,12,378
0.1067,1.0,0.6667,0.9845,0.1944,0.2915,323,12,366
0.2,1.0,0.8333,1.0,0.25,0.3004,333,12,358
0.2,1.0,0.4167,0.9793,0.1944,0.296,335,12,322
0.1333,1.0,0.5833,0.9845,0.1944,0.3184,334,12,302
0.1867,1.0,0.4167,0.9845,0.1944,0.3004,335,12,276
0.24,1.0,0.5833,0.9845,0.1944,0.3139,376,12,274
0.1867,1.0,0.5833,0.9845,0.1667,0.3004,360,12,279
0.2,1.0,0.5833,0.9637,0.25,0.2825,312,12,308
0.2,1.0,0.5,0.9741,0.1389,0.278,357,12,329
0.1067,1.0,0.6667,0.9689,0.1389,0.296,337,12,354
0.1733,1.0,0.5,0.9689,0.1944,0.296,330,12,374
0.1867,1.0,0.4167,0.9793,0.1667,0.3004,345,12,381
0.2267,1.0,0.4167,0.9793,0.1944,0.2825,337,12,381
0.16,1.0,0.6667,0.9896,0.1389,0.3049,379,12,366
0.1333,1.0,0.75,0.9793,0.1667,0.2915,336,12,351
0.2133,1.0,0.5833,0.9741,0.25,0.2915,320,12,335
0.2133,1.0,0.5,0.9637,0.1944,0.2915,337,12,289
0.1867,1.0,0.6667,0.9793,0.1944,0.296,340,12,279
0.1733,1.0,0.5833,0.9741,0.1944,0.3004,335,12,278
0.1467,1.0,0.8333,0.9637,0.2222,0.287,325,12,282
0.1867,1.0,0.5,0.9741,0.2222,0.296,323,12,294
0.2133,1.0,0.5833,0.9793,0.1944,0.287,341,12,325
0.2533,1.0,0.5,0.9741,0.25,0.2915,326,12,345
0.16,1.0,0.75,0.9689,0.1944,0.2915,331,12,353
0.1867,1.0,0.6667,0.9741,0.1944,0.2825,333,12,353
0.1467,1.0,0.5833,0.9793,0.1944,0.3139,334,12,339
0.1733,1.0,0.5,0.9896,0.1944,0.3049,337,12,310
0.24,1.0,0.6667,0.9845,0.1667,0.287,380,12,293
0.1867,1.0,0.5833,0.9845,0.1667,0.3094,368,12,282
0.2133,1.0,0.5833,0.9948,0.1667,0.2825,362,12,284
0.1867,1.0,0.5833,0.9845,0.1389,0.3004,381,12,309
0.1867,1.0,0.5,1.0,0.1389,0.2825,365,12,330
0.2133,1.0,0.5833,1.0,0.1111,0.2915,413,12,353
0.2133,1.0,0.5,1.0,0.1667,0.287,361,12,374
0.2133,1.0,0.5,1.0,0.2222,0.287,330,12,389
0.2,1.0,0.4167,1.0,0.1944,0.296,338,12,392
0.2,1.0,0.6667,1.0,0.1667,0.287,367,12,392
0.1333,1.0,0.75,1.0,0.1389,0.287,359,12,388
0.2267,1.0,0.5,1.0,0.1389,0.296,396,12,380
0.1867,1.0,0.75,0.9948,0.1944,0.2735,335,12,367
0.3333,1.0,0.6667,0.9845,0.25,0.2691,349,12,352
0.1867,1.0,0.5,0.9793,0.1389,0.2825,357,12,337
0.1733,1.0,0.6667,0.9689,0.1667,0.278,337,12,334
0.2,1.0,0.3333,0.9741,0.1389,0.2825,358,12,332
0.2133,1.0,0.5833,0.9689,0.1667,0.2915,359,12,331
0.2,1.0,0.5833,0.9793,0.1667,0.2735,342,12,334
0.1867,1.0,0.6667,0.9948,0.1667,0.3139,382,12,339
0.2,1.0,0.5,0.9845,0.1944,0.2825,334,12,347
0.16,1.0,0.3333,0.9845,0.1389,0.287,347,12,360
0.1733,1.0,0.5,0.9845,0.1667,0.287,339,12,364
0.16,1.0,0.5833,1.0,0.1389,0.3318,401,12,365
0.1333,1.0,0.25,0.9896,0.1389,0.296,347,12,365
0.2133,1.0,0.5,0.9793,0.1667,0.287,353,12,361
0.1733,1.0,0.5833,0.9793,0.1944,0.2915,333,12,357
0.24,1.0,0.6667,0.9689,0.25,0.2646,318,12,356
0.1867,1.0,0.5,0.9793,0.1389,0.278,353,12,350
0.2133,1.0,0.5833,0.9741,0.1667,0.2735,346,12,335
0.1733,1.0,0.1667,0.9585,0.1389,0.2511,337,12,302
0.2133,1.0,0.6667,0.9689,0.1667,0.2735,349,12,278
0.1733,1.0,0.5,0.9896,0.1111,0.3408,427,12,263
0.2267,1.0,0.6667,0.9637,0.2222,0.2735,328,12,261
0.16,1.0,0.4167,0.9741,0.1667,0.2735,326,12,274
0.1867,1.0,0.5833,0.9689,0.1667,0.2691,335,12,305
0.2267,1.0,0.5833,0.9741,0.1944,0.2825,342,12,319
0.1733,1.0,0.6667,0.9689,0.1111,0.2646,362,12,331
0.2267,1.0,0.5833,0.9741,0.1944,0.278,340,12,351
0.2,1.0,0.75,0.9689,0.1944,0.2825,337,12,356
0.24,1.0,0.6667,0.9534,0.1667,0.2691,353,12,357
0.2,1.0,0.5833,0.9585,0.2222,0.2691,317,12,357
0.2267,1.0,0.6667,0.9637,0.1944,0.2601,332,12,352
0.2,1.0,0.5833,0.9637,0.1667,0.2691,337,12,330
0.2133,1.0,0.5833,0.9793,0.1667,0.2735,348,12,305
0.1733,1.0,0.6667,0.9637,0.1667,0.2691,332,12,287
0.24,1.0,0.5833,0.9741,0.1944,0.2825,347,12,287
0.1867,1.0,0.5,0.9948,0.1389,0.3453,418,12,292
0.1467,1.0,0.3333,0.9637,0.1389,0.2601,330,12,323
0.2,1.0,0.5833,0.9637,0.2222,0.2691,318,12,341
0.2267,1.0,0.5833,0.9585,0.1944,0.278,337,13,364
0.24,1.0,0.4167,0.9585,0.1944,0.2422,320,13,384
0.1733,1.0,0.3333,0.9585,0.1667,0.2511,321,13,394
0.2133,1.0,0.5,0.9585,0.1944,0.2691,327,14,423
0.2133,1.0,0.5,0.9585,0.1667,0.2601,333,15,438
0.1867,1.0,0.4167,0.9482,0.1944,0.2691,316,15,446
0.1733,1.0,0.5,0.9326,0.1389,0.2646,331,16,439
0.2933,1.0,0.4167,0.9275,0.25,0.2466,310,16,422
0.2133,1.0,0.5,0.9067,0.1944,0.2601,315,16,394
0.1467,1.0,0.5,0.9119,0.1667,0.2691,312,17,373
0.1867,1.0,0.75,0.9223,0.2222,0.2601,312,18,342
0.2,1.0,0.5833,0.9275,0.1944,0.2646,319,18,306
0.16,1.0,1.0,0.943,0.1667,0.3004,360,19,270
0.2133,1.0,0.6667,0.9171,0.1389,0.2601,340,20,245
0.1467,1.0,0.8333,0.9223,0.1667,0.2556,321,21,237
0.2133,1.0,0.5833,0.9275,0.1667,0.2511,326,22,245
0.2533,1.0,0.5,0.9275,0.1944,0.2377,319,24,274
0.2133,1.0,0.5833,0.9275,0.1944,0.2242,306,25,298
0.0133,1.0,0.8333,0.9326,0.0833,0.2108,309,25,328
0.24,1.0,0.5833,0.9482,0.1667,0.2287,328,26,352
0.2133,1.0,0.5,0.9534,0.1667,0.2287,319,27,364
0.4,1.0,0.75,0.9534,0.1944,0.2197,376,29,362
0.1067,1.0,0.5833,0.9534,0.1389,0.2242,307,31,348
0.1733,1.0,0.0833,0.9275,0.0833,0.1794,336,33,327
0.2133,1.0,0.5833,0.9534,0.1389,0.2197,328,35,305
0.12,1.0,0.5833,0.9689,0.1389,0.2691,327,38,289
0.1467,1.0,0.75,0.9637,0.1111,0.2422,335,43,288
0.1867,1.0,0.75,0.9585,0.1389,0.2377,333,45,290
0.2,1.0,0.4167,0.9482,0.1111,0.2287,338,49,303
0.1867,1.0,0.6667,0.9378,0.1667,0.2108,309,54,326
0.2133,1.0,0.5,0.9378,0.1944,0.2152,301,59,345
0.2,1.0,0.5,0.9741,0.1111,0.2018,331,64,372
0.2667,1.0,0.3333,0.9585,0.1667,0.1839,322,67,376
0.32,1.0,0.5833,0.9793,0.1944,0.2063,334,72,370
0.2533,1.0,0.8333,1.0,0.1111,0.1883,359,76,361
0.2667,1.0,0.5,1.0,0.0278,0.2511,472,84,332
0.1867,1.0,0.5833,1.0,0.0278,0.1883,380,90,305
0.28,0.9704,0.75,1.0,0.0,0.1614,475,95,292
0.3067,0.9481,0.8333,1.0,0.0,0.139,505,108,289
0.36,0.8667,0.4167,1.0,0.0,0.1031,629,125,294
0.44,0.9037,0.6667,1.0,0.0278,0.0852,573,146,325
0.4,0.9333,0.6667,1.0,0.0833,0.13,499,157,346
0.4933,0.8741,0.75,1.0,0.0833,0.1121,618,165,361
0.44,0.8074,0.5833,1.0,0.1389,0.1121,619,185,383
0.3467,0.763,0.75,1.0,0.1944,0.0942,575,209,396
0.5067,0.7926,0.6667,1.0,0.3333,0.0987,513,224,413
0.5067,0.7852,0.5,1.0,0.2778,0.0942,551,240,431
0.5467,0.763,0.5,1.0,0.25,0.1211,652,258,450
0.56,0.8,0.5833,1.0,0.3333,0.1211,541,287,478
0.5733,0.7852,0.25,1.0,0.3889,0.1031,509,308,493
0.48,0.8222,0.5833,1.0,0.3611,0.1435,464,330,516
0.4667,0.8074,0.4167,1.0,0.2778,0.1435,533,344,547
0.48,0.8,0.5833,1.0,0.3889,0.1345,471,355,560
0.4933,0.7852,0.5833,1.0,0.3611,0.13,509,373,574
0.48,0.8,0.5,1.0,0.4167,0.1525,455,385,575
0.56,0.7704,0.8333,1.0,0.4444,0.1211,519,403,566
0.5733,0.7407,0.5,1.0,0.4167,0.1121,555,415,557
0.56,0.763,0.75,1.0,0.4167,0.1166,536,426,549
0.4933,0.7926,0.3333,1.0,0.3611,0.1435,494,448,523
0.4533,0.7704,0.5833,1.0,0.3889,0.148,504,466,506
0.5333,0.763,0.4167,1.0,0.4167,0.1525,523,483,504
0.52,0.7704,0.75,1.0,0.3889,0.1749,558,494,503
0.56,0.7852,0.5833,1.0,0.3889,0.1704,554,512,501
0.5867,0.7778,0.5833,1.0,0.3889,0.1839,593,555,501
0.6133,0.7852,0.5833,1.0,0.3333,0.1928,658,580,503
0.6133,0.7852,0.4167,1.0,0.3889,0.1883,600,616,512
0.5867,0.7481,0.6667,1.0,0.4722,0.1883,565,653,535
0.6267,0.7704,0.25,1.0,0.4722,0.2197,574,724,550
0.6,0.7556,0.5833,1.0,0.4722,0.2197,583,779,557
0.6533,0.6593,0.4167,1.0,0.5,0.2152,736,831,568
0.6667,0.6667,0.3333,1.0,0.4722,0.2377,779,873,578
0.6667,0.6222,0.5833,1.0,0.6667,0.2108,683,905,600
0.6933,0.5852,0.25,1.0,0.6389,0.2377,805,938,637
0.7067,0.5704,0.5833,1.0,0.5833,0.2332,913,942,649
0.6533,0.5778,0.5833,1.0,0.5556,0.2601,885,941,672
0.68,0.6444,0.5833,1.0,0.6111,0.2825,720,934,690
0.6667,0.637,0.0833,1.0,0.5278,0.2332,784,918,719
0.64,0.5778,0.4167,1.0,0.5556,0.287,888,918,748
0.6667,0.563,0.3333,1.0,0.5556,0.3094,968,934,763
0.72,0.5481,0.5,1.0,0.6111,0.287,987,950,765
0.64,0.5556,0.6667,1.0,0.6111,0.2915,887,951,765
0.68,0.5852,0.4167,1.0,0.5,0.3318,1005,930,773
0.6133,0.6593,0.75,1.0,0.4167,0.3274,899,933,795
0.6933,0.563,0.5,1.0,0.5278,0.3274,1042,950,814
0.6267,0.5778,0.6667,1.0,0.5556,0.3408,912,966,839
0.68,0.5704,0.5,0.9896,0.5833,0.3408,949,981,863
0.7067,0.563,0.5,0.9793,0.5833,0.3408,994,992,876
0.68,0.563,0.5,0.9845,0.5556,0.3722,1019,1007,900
0.6533,0.5407,0.25,0.943,0.5,0.3363,1074,1016,920
0.7067,0.5111,0.6667,0.9067,0.5556,0.3543,1143,1024,942
0.6667,0.5556,0.5,0.9482,0.5833,0.3587,969,1027,969
0.64,0.5926,0.6667,0.9689,0.5556,0.3946,925,1021,995
0.6667,0.5259,0.5,0.9845,0.5278,0.3946,1147,1018,1013
0.6933,0.4889,0.5,0.9948,0.5556,0.3677,1226,1021,1027
0.7067,0.5259,0.5833,1.0,0.5556,0.3587,1141,1024,1033
0.6667,0.6,0.5833,1.0,0.5,0.3946,1015,1031,1032
0.68,0.5333,0.4167,1.0,0.4722,0.3229,1165,1039,1031
0.6933,0.5407,0.4167,1.0,0.6389,0.287,947,1048,1037
0.7067,0.4815,0.25,1.0,0.6111,0.278,1137,1058,1038
0.7067,0.5185,0.5,1.0,0.6389,0.296,1023,1085,1038
0.6933,0.5037,0.25,1.0,0.6944,0.296,993,1100,1038
0.7467,0.5259,0.5,1.0,0.7222,0.3543,1015,1108,1049
0.7333,0.5111,0.1667,1.0,0.6667,0.3632,1101,1118,1067
0.76,0.5481,0.5,1.0,0.8333,0.3812,897,1135,1071
0.6933,0.6222,0.5,1.0,0.8611,0.4215,666,1161,1060
0.8133,0.5333,0.5,0.9793,0.8056,0.4619,1085,1172,1046
0.8133,0.5481,0.3333,0.9896,0.6944,0.5426,1252,1178,1044
0.8133,0.5185,0.5,1.0,0.6111,0.6637,1530,1199,1024
0.8133,0.5037,0.6667,1.0,0.6111,0.722,1624,1219,1002
0.7867,0.5185,0.5833,1.0,0.6389,0.7265,1528,1248,990
0.8,0.4519,0.4167,1.0,0.6111,0.704,1741,1261,991
0.76,0.4963,0.6667,1.0,0.5833,0.7265,1609,1277,999
0.84,0.4815,0.3333,1.0,0.6389,0.6861,1666,1293,1017
0.7467,0.4815,0.5833,1.0,0.6111,0.7085,1579,1306,1028
0.76,0.5037,0.5,1.0,0.6389,0.6682,1470,1322,1052
0.7467,0.4815,0.5,1.0,0.6667,0.6682,1485,1340,1077
0.76,0.5111,0.5,1.0,0.6667,0.6996,1454,1347,1103
0.7733,0.4741,0.25,0.9845,0.6944,0.6951,1533,1352,1128
0.76,0.5481,0.4167,1.0,0.6389,0.6996,1398,1371,1168
0.8133,0.5556,0.4167,1.0,0.6389,0.6951,1442,1387,1181
0.8133,0.5333,0.5,1.0,0.6389,0.6637,1459,1398,1195
0.76,0.4815,0.3333,0.9845,0.6389,0.6726,1542,1389,1242
0.8133,0.4741,0.4167,0.9845,0.6667,0.6726,1612,1370,1272
0.72,0.5037,0.1667,0.9948,0.5833,0.6592,1459,1366,1304
0.7333,0.4741,0.5833,1.0,0.5556,0.6682,1596,1367,1337
0.7867,0.4519,0.5,1.0,0.6667,0.6637,1623,1368,1370
0.76,0.4667,0.4167,1.0,0.6944,0.6547,1511,1362,1385
0.8133,0.4296,0.5,0.9793,0.75,0.6368,1610,1347,1399
0.8,0.4074,0.3333,0.9637,0.75,0.6457,1656,1337,1416
0.8,0.3704,0.0833,0.9793,0.6944,0.6457,1786,1322,1429
0.7733,0.4296,0.4167,0.9793,0.6667,0.6951,1700,1309,1452
0.7733,0.437,0.5833,0.9793,0.6944,0.6726,1617,1307,1472
0.7867,0.437,0.3333,1.0,0.6667,0.6682,1666,1310,1510
0.8,0.4444,0.75,1.0,0.5556,0.722,1794,1310,1539
0.8667,0.437,0.4167,1.0,0.6389,0.6951,1821,1309,1565
0.84,0.4667,0.5,1.0,0.6944,0.7534,1708,1320,1602
0.9067,0.4222,0.3333,1.0,0.6944,0.704,1851,1345,1635
0.84,0.4444,0.4167,1.0,0.6667,0.7175,1763,1353,1649
0.84,0.4667,0.4167,1.0,0.6667,0.7399,1726,1361,1660
0.9333,0.4741,0.3333,1.0,0.75,0.7534,1745,1373,1691
0.8133,0.4815,0.5833,1.0,0.7222,0.7534,1606,1374,1706
0.8533,0.4815,0.8333,1.0,0.7222,0.7623,1655,1369,1725
0.8267,0.4889,0.5833,1.0,0.7778,0.7309,1525,1367,1735
0.8933,0.4889,0.5,1.0,0.75,0.7578,1672,1374,1740
0.8933,0.5037,0.4167,1.0,0.7222,0.7489,1659,1395,1740
0.92,0.4667,0.4167,1.0,0.7222,0.7085,1749,1429,1732
0.9067,0.5111,0.25,1.0,0.7222,0.6816,1580,1461,1727
0.9467,0.5704,0.5,1.0,0.8056,0.7175,1433,1493,1704
0.9867,0.5704,0.6667,1.0,0.7222,0.7085,1560,1508,1680
1.0,0.4889,0.4167,1.0,0.6667,0.722,1845,1515,1663
0.9067,0.4741,0.6667,0.9793,0.6111,0.722,1805,1531,1633
0.9067,0.4889,0.5833,1.0,0.7222,0.722,1683,1544,1619
0.96,0.4815,0.6667,0.9845,0.7222,0.6951,1737,1572,1605
0.9067,0.4741,0.5833,1.0,0.7778,0.6861,1634,1611,1591
1.0,0.5111,0.5,1.0,0.7222,0.6996,1730,1635,1590
1.0,0.5037,0.8333,1.0,0.6389,0.6951,1799,1660,1599
0.9467,0.4444,0.1667,0.9378,0.5833,0.6592,1897,1677,1610
0.8933,0.4444,0.0,0.9378,0.5833,0.6637,1826,1680,1625
0.9733,0.4741,0.5833,0.9637,0.6111,0.7175,1883,1673,1639
0.96,0.4741,0.4167,0.9534,0.6667,0.7265,1830,1673,1657
0.9067,0.4667,0.5833,0.943,0.6667,0.7175,1770,1690,1664
0.9867,0.4519,0.5833,0.9378,0.6389,0.713,1921,1694,1676
0.9867,0.4889,0.4167,0.9482,0.7778,0.7175,1723,1693,1711
0.96,0.4667,0.4167,0.9482,0.75,0.6951,1754,1703,1732
0.96,0.5111,0.4167,0.9482,0.6667,0.7085,1732,1715,1763
0.92,0.563,0.5,0.9585,0.75,0.7354,1483,1721,1785
0.9067,0.5926,0.5833,0.9896,0.7222,0.7489,1438,1728,1791
0.84,0.5778,0.5,0.9948,0.6944,0.7444,1417,1732,1791
0.9467,0.6,0.5,1.0,0.75,0.7848,1485,1754,1776
1.0,0.563,0.4167,1.0,0.6944,0.7668,1680,1774,1751
0.9067,0.5704,0.5833,1.0,0.6944,0.7758,1555,1779,1721
0.9467,0.5556,0.5,0.9845,0.6944,0.7623,1627,1779,1700
0.96,0.6074,0.5,0.9171,0.7778,0.7399,1387,1791,1670
1.0,0.5852,0.5833,0.9171,0.7222,0.7265,1543,1808,1637
0.96,0.5926,0.4167,0.9378,0.7222,0.7354,1486,1810,1618
0.9867,0.5926,0.5,0.9534,0.8056,0.7489,1453,1834,1582
1.0,0.6222,0.6667,0.9482,0.8889,0.7578,1334,1865,1529
1.0,0.5852,0.5,1.0,0.75,0.7534,1563,1875,1480
0.9467,0.5778,0.5833,1.0,0.6944,0.7623,1572,1872,1434
1.0,0.5778,0.4167,1.0,0.7222,0.7399,1600,1864,1386
1.0,0.5778,0.5,1.0,0.5833,0.7354,1719,1860,1366
1.0,0.5778,0.6667,1.0,0.5,0.7444,1809,1861,1366
0.9733,0.5852,0.5,1.0,0.6111,0.722,1639,1889,1380
1.0,0.6222,0.5833,1.0,0.6944,0.7175,1485,1908,1389
1.0,0.6593,0.5833,1.0,0.7222,0.6861,1331,1921,1409
1.0,0.6148,0.5833,1.0,0.6667,0.6816,1491,1924,1421
1.0,0.637,0.5,1.0,0.75,0.6861,1351,1933,1445
1.0,0.6593,0.5,1.0,0.8333,0.722,1246,1936,1458
1.0,0.6741,0.4167,1.0,0.75,0.722,1310,1926,1464
0.96,0.6889,0.5,1.0,0.7778,0.7399,1220,1913,1467
0.9867,0.7037,0.5833,1.0,0.8333,0.7489,1177,1905,1466
1.0,0.7259,0.5,1.0,0.8611,0.7444,1109,1905,1455
1.0,0.6296,0.5833,1.0,0.75,0.7578,1452,1907,1425
0.92,0.6667,0.4167,1.0,0.7778,0.7803,1272,1908,1393
0.9733,0.6963,0.5833,1.0,0.7222,0.7578,1305,1900,1361
0.9467,0.7481,0.5,1.0,0.75,0.7534,1131,1891,1356
0.92,0.763,0.5,1.0,0.6944,0.7892,1177,1881,1352
0.88,0.7333,0.4167,1.0,0.75,0.7623,1096,1868,1335
0.8667,0.7333,0.5,1.0,0.75,0.7578,1077,1858,1290
0.96,0.7333,0.5,1.0,0.75,0.6816,1079,1862,1220
0.96,0.7852,0.75,1.0,0.7222,0.7578,1113,1872,1168
0.8533,0.7926,0.0833,1.0,0.6944,0.713,920,1867,1123
0.8933,0.8222,0.5,0.9896,0.8333,0.7982,894,1861,1100
0.8933,0.7778,0.75,1.0,0.8889,0.7489,883,1865,1073
0.9467,0.7556,0.8333,1.0,0.8333,0.7354,1021,1869,1055
0.92,0.7407,0.5833,1.0,0.9444,0.7309,891,1861,1048
0.88,0.7852,0.5,1.0,0.9444,0.713,759,1867,1021
0.9467,0.8074,0.75,1.0,0.8611,0.7489,905,1892,987
0.9333,0.7852,0.8333,1.0,0.7778,0.7399,1013,1908,955
0.8933,0.7704,0.6667,1.0,0.8611,0.7713,943,1912,919
0.8267,0.8148,0.5833,1.0,0.8889,0.7578,767,1926,900
1.0,0.8519,0.5,1.0,0.9167,0.7803,845,1944,884
0.88,0.8667,0.6667,1.0,0.8056,0.8386,884,1955,882
0.92,0.8,0.5,1.0,1.0,0.8296,845,1957,897
0.9067,0.837,0.4167,1.0,0.9444,0.7848,773,1958,902
0.9333,0.8444,0.5833,1.0,0.8333,0.8251,933,1964,902
0.8933,0.9185,0.5,1.0,0.8056,0.843,811,1976,896
0.84,0.8963,0.5,1.0,0.9167,0.8386,716,1989,880
0.92,0.8889,0.5833,1.0,0.9167,0.8386,788,1986,877
0.9333,0.9259,0.5833,1.0,0.8333,0.87,838,1974,877
0.8267,0.9037,0.6667,1.0,0.8333,0.8655,791,1967,867
0.8,0.9259,0.75,1.0,0.9167,0.8386,656,1980,828
0.84,0.8815,0.3333,1.0,0.8056,0.7803,757,2004,801
0.84,0.8593,0.8333,1.0,0.8889,0.8296,795,2009,780
0.7333,0.8889,0.8333,0.9171,0.8611,0.8475,697,2024,748
0.84,0.8815,0.6667,0.9845,0.7778,0.87,880,2031,713
0.8133,0.9111,0.5833,1.0,0.6667,0.852,880,2022,688
0.7733,0.9037,0.6667,0.9689,0.8333,0.7982,680,2020,661
0.8133,0.8889,0.5833,0.9534,0.8056,0.8475,792,2027,634
0.8267,0.9111,0.8333,1.0,0.6111,0.8386,963,2021,611
0.84,0.9333,0.8333,1.0,0.6667,0.8341,870,2019,608
0.8,0.963,0.6667,0.9741,0.75,0.8386,720,2035,617
0.8,0.9778,0.3333,1.0,0.75,0.8072,658,2032,633
0.9067,1.0,0.6667,1.0,0.8333,0.7758,625,2031,645
0.72,1.0,0.75,0.9119,0.8889,0.7758,435,2035,669
0.8133,1.0,0.6667,0.9119,0.8889,0.8117,532,2053,687
0.84,1.0,0.6667,1.0,0.75,0.8341,698,2074,696
0.8,1.0,0.75,0.9896,0.7778,0.8386,655,2056,703
0.7733,1.0,0.3333,0.8756,0.9167,0.87,524,2032,704
0.8667,1.0,0.5833,0.8653,0.9444,0.8341,538,2030,700
0.88,1.0,0.5,1.0,0.6667,0.9193,866,2028,696
0.8133,1.0,0.75,1.0,0.7778,0.8565,685,1984,690
0.7733,1.0,0.5,0.9275,0.9167,0.861,527,1958,679
0.7733,1.0,0.5833,0.9482,0.75,0.9327,729,1942,675
0.88,1.0,0.5833,1.0,0.7222,0.8834,791,1939,678
0.8,1.0,0.5833,1.0,0.6667,0.87,767,1936,685
0.7733,1.0,0.4167,0.9378,0.8333,0.8834,610,1922,694
0.8267,1.0,0.75,0.9223,0.6667,0.8565,760,1921,701
0.7333,1.0,0.75,0.9119,0.6389,0.8386,709,1931,704
0.8267,1.0,0.5833,0.8705,0.75,0.8475,666,1959,706
0.9067,1.0,0.5,0.7772,0.6944,0.8251,736,1985,702
0.9333,1.0,0.5833,0.8031,0.7778,0.8744,749,1991,700
0.8533,1.0,0.6667,0.6943,0.8056,0.8924,674,2004,701
0.84,1.0,0.6667,0.5959,0.8889,0.8969,650,2011,701
0.92,1.0,0.75,0.6943,0.7778,0.9058,763,2006,702
0.88,1.0,0.5,0.8187,0.7778,0.9148,752,2004,704
0.88,1.0,0.5833,0.7565,0.7778,0.9193,752,2012,703
0.9467,1.0,0.6667,0.7409,0.7778,0.9193,806,2017,700
0.96,1.0,0.5833,0.7979,0.6944,0.9283,918,2005,701
0.9333,1.0,0.1667,0.7772,0.6111,0.9013,926,1993,707
0.88,1.0,0.5833,0.7824,0.5556,0.9148,951,1991,723
0.8933,1.0,0.4167,0.7358,0.5,0.9283,1034,1986,748
0.7733,1.0,0.6667,0.715,0.5556,0.9103,829,1976,786
0.8267,1.0,0.4167,0.7306,0.5556,0.9148,884,1974,819
0.84,1.0,0.5833,0.7254,0.5,0.8744,908,1955,844
0.8,1.0,0.5,0.7513,0.3889,0.9372,1080,1928,864
0.8,1.0,0.4167,0.7358,0.3611,0.852,998,1908,874
0.7333,1.0,0.75,0.8031,0.2222,0.8475,1123,1833,877
0.6533,1.0,0.3333,0.8549,0.1667,0.8386,1087,1791,878
0.6,1.0,0.4167,0.9067,0.0833,0.8341,1145,1713,887
0.44,1.0,0.75,0.9326,0.0556,0.7982,1045,1633,894
0.6,1.0,0.5833,1.0,0.0278,0.7892,1198,1567,907
0.4667,1.0,0.6667,1.0,0.0,0.7803,1119,1492,930
0.3867,1.0,0.5833,1.0,0.0,0.7713,1032,1400,958
0.3067,1.0,0.9167,1.0,0.0,0.7623,991,1331,972
0.2933,1.0,0.5833,1.0,0.0,0.7309,924,1269,1004
0.24,1.0,0.5,1.0,0.0,0.7489,902,1194,1037
0.1467,1.0,0.6667,1.0,0.0,0.722,833,1062,1067
0.1733,1.0,0.5833,1.0,0.0,0.6996,822,997,1070
0.0933,1.0,0.4167,1.0,0.0,0.704,770,964,1064
0.12,1.0,0.8333,1.0,0.0,0.6996,813,900,1036
0.0533,1.0,0.5833,1.0,0.0,0.7534,803,833,998
0.1067,1.0,0.4167,1.0,0.0,0.6457,732,812,968
0.0667,1.0,0.6667,1.0,0.0,0.6637,746,808,939
0.08,1.0,0.6667,1.0,0.0,0.6502,742,793,911
0.0667,1.0,0.75,1.0,0.0,0.6323,727,763,866
0.08,0.9926,0.5833,1.0,0.0,0.6413,737,730,816
0.08,1.0,0.6667,1.0,0.0,0.6323,727,703,768
0.0933,1.0,0.8333,1.0,0.0,0.6323,746,667,727
0.16,1.0,0.6667,1.0,0.0,0.6143,752,641,709
0.0267,1.0,0.5833,1.0,0.0,0.6233,687,594,687
0.1067,1.0,0.75,1.0,0.0,0.6099,728,567,686
0.0933,1.0,0.5,1.0,0.0,0.6054,700,531,693
0.08,1.0,0.5,1.0,0.0,0.6233,708,494,704
0.0933,1.0,0.5,1.0,0.0,0.6054,700,463,705
0.08,0.9852,0.9167,1.0,0.0,0.5964,733,437,705
0.0,0.9852,0.75,1.0,0.0,0.5964,681,387,705
0.08,1.0,0.6667,1.0,0.0,0.5964,698,352,704
0.1067,0.9926,0.6667,1.0,0.0,0.583,709,343,703
0.0933,1.0,0.8333,1.0,0.0,0.583,706,324,707
0.24,0.9778,0.5833,1.0,0.0,0.574,778,297,710
0.1067,1.0,0.75,1.0,0.0,0.574,699,249,710
0.0267,0.9852,0.75,1.0,0.0,0.574,676,235,707
0.04,1.0,0.75,1.0,0.0,0.5605,655,222,704
0.0933,0.9778,0.5,1.0,0.0,0.5516,682,201,706
0.08,0.9852,0.6667,1.0,0.0,0.5605,686,183,709
0.1067,0.9852,0.5833,1.0,0.0,0.5561,690,170,705
0.12,1.0,0.6667,1.0,0.0,0.5471,678,168,689
0.0933,0.9852,0.6667,1.0,0.0,0.5516,685,167,667
0.1067,1.0,0.75,1.0,0.0,0.5561,685,155,656
0.08,1.0,0.75,1.0,0.0,0.6099,715,140,656
0.12,1.0,0.6667,1.0,0.0,0.5202,656,135,659
0.12,0.9852,0.6667,1.0,0.0,0.5426,691,131,667
0.1067,0.9926,0.6667,1.0,0.0,0.5561,687,127,679
0.12,0.963,0.5833,1.0,0.0,0.5426,710,114,689
0.1333,0.9926,0.6667,1.0,0.0,0.574,715,108,686
0.1467,0.9778,0.5,1.0,0.0,0.5426,701,103,679
0.1733,0.9778,0.75,1.0,0.0,0.5426,732,98,674
0.2667,0.9333,0.6667,1.0,0.0,0.5471,828,90,677
0.1467,0.9778,0.9167,1.0,0.0,0.5471,735,86,688
0.1867,0.9778,0.5,1.0,0.0,0.5381,717,85,698
0.2533,0.9481,0.3333,1.0,0.0,0.5202,753,84,706
0.1733,0.9778,0.6667,1.0,0.0,0.5291,715,80,719
0.1733,0.9704,0.5833,1.0,0.0,0.5247,714,77,736
0.2133,0.9852,0.5,1.0,0.0,0.5291,714,75,756
0.2,0.9852,0.75,1.0,0.0,0.5202,719,75,765
0.2267,1.0,0.8333,0.9845,0.0,0.5112,709,75,767
0.2133,1.0,0.6667,1.0,0.0,0.5202,703,74,750
0.2,1.0,0.5,1.0,0.0,0.5247,687,72,727
0.2533,1.0,0.6667,1.0,0.0,0.5291,730,71,710
0.1333,0.9926,0.6667,1.0,0.0,0.5291,679,71,689
0.1867,1.0,0.6667,1.0,0.0,0.5112,682,69,666
0.2,1.0,0.6667,1.0,0.0,0.5157,692,68,662
0.2,1.0,0.5833,0.9896,0.0,0.5022,672,63,662
0.1733,1.0,0.4167,1.0,0.0,0.5157,660,61,665
0.2133,1.0,0.5833,0.9948,0.0,0.5067,684,61,671
0.24,1.0,0.6667,0.9845,0.0,0.5022,696,61,687
0.2667,1.0,0.5833,0.9845,0.0,0.4978,700,61,687
0.1733,1.0,0.6667,0.9896,0.0,0.5022,665,60,684
0.1867,1.0,0.5833,0.9948,0.0,0.5067,671,60,674
0.2133,1.0,0.6667,0.9948,0.0,0.4933,679,59,662
0.2267,1.0,0.6667,0.9948,0.0,0.5112,700,58,661
0.2133,1.0,0.5833,0.9948,0.0,0.5067,684,57,664
0.2267,0.9926,0.5833,0.9896,0.0,0.5067,697,57,675
0.2,1.0,0.5833,0.9845,0.0,0.5022,670,57,689
0.1867,0.9778,0.25,0.9741,0.0,0.4619,633,56,701
0.2,1.0,0.8333,0.9845,0.0,0.5112,695,53,703
0.2,0.9926,0.75,0.9741,0.0,0.4888,673,52,692
0.1867,1.0,1.0,0.9689,0.0,0.4888,673,50,672
0.2267,1.0,0.5,0.9793,0.0,0.5022,675,50,659
0.2667,1.0,0.5833,0.9845,0.0,0.5067,707,51,658
0.1867,1.0,0.5,0.9741,0.0,0.5202,668,51,662
0.16,1.0,0.6667,0.9689,0.0,0.5022,650,51,666
0.2267,1.0,0.6667,0.9689,0.0,0.5022,683,51,675
0.1867,1.0,0.75,0.9585,0.0,0.5112,673,51,699
0.1867,1.0,0.5833,0.9689,0.0,0.5157,669,51,704
0.2,1.0,0.75,0.9896,0.0,0.5291,706,51,703
0.24,1.0,0.75,0.9689,0.0,0.5067,699,50,692
0.2533,1.0,0.6667,0.9689,0.0,0.5022,696,50,675
0.1867,1.0,0.5833,0.9637,0.0,0.4978,651,50,661
0.1733,1.0,0.6667,0.9793,0.0,0.5022,660,50,662
0.2133,1.0,0.6667,0.9482,0.0,0.4978,664,51,666
0.1867,1.0,0.5833,0.9637,0.0,0.4888,643,51,666
0.16,1.0,0.5833,0.9689,0.0,0.4933,636,52,662
0.24,1.0,0.75,0.9741,0.0,0.5067,701,52,657
0.1867,1.0,0.6667,0.9793,0.0,0.4978,663,52,647
0.16,1.0,0.8333,0.9845,0.0,0.4978,663,52,616
0.1867,1.0,0.6667,0.9845,0.0,0.5022,669,51,589
0.2267,1.0,0.75,0.9793,0.0,0.5202,708,51,566
0.1867,1.0,0.5833,0.9793,0.0,0.5202,676,50,567
0.2267,1.0,0.6667,0.9534,0.0,0.5112,685,50,586
0.2133,1.0,0.75,0.9689,0.0,0.4978,678,51,601
0.16,1.0,0.9167,0.9585,0.0,0.5067,666,51,623
0.24,1.0,0.5833,0.9689,0.0,0.4933,676,51,643
0.1867,1.0,0.6667,0.9689,0.0,0.4933,655,49,680
0.1867,1.0,0.4167,0.9689,0.0,0.5112,652,49,695
0.2267,1.0,0.8333,0.9637,0.0,0.4978,688,49,696
0.28,1.0,0.6667,0.9585,0.0,0.4798,686,48,692